Vernier Format 2
Bandlücke-Si_try.txt 20.10.2014 18:03:03 ,
Latest
Time	Winkel	Pyro	Sample	Wellenlänge	Energie
t	Pot	Pot	Pot	Lambda	E
s	°	V	V	nm	eV

0	4,111884947	0,189255	0,203907	118,437444048	10,4612186624
0,5	4,633509123	0,141636	0,179487	133,431224725	9,28568258708
1	4,894855662	0,153846	0,17094	140,939396687	8,79101251407
1,5	5,15566775	0,142857	0,175824	148,429291231	8,34740898997
2	5,743029399	0,123321	0,140415	165,285402539	7,49612476944
2,5	5,939172916	0,124542	0,163614	170,910550219	7,24940618594
3	6,526000114	0,105006	0,137973	187,72778939	6,59998183553
3,5	6,722143631	0,0915751	0,125763	193,344548209	6,40824896011
4	7,30950528	0,0989011	0,139194	210,150402	5,89577744419
4,5	7,570317368	0,0781441	0,123321	217,605898285	5,69377948744
5	8,092475995	0,0781441	0,115995	232,518463435	5,32860909924
5,5	8,353288083	0,0879121	0,113553	239,959959616	5,16336142906
6	8,87544671	0,0622711	0,120879	254,843104206	4,86181489533
6,5	9,201996271	0,0537241	0,0927961	264,140103249	4,69069249524
7	9,723620447	0,0634921	0,10989	278,973032212	4,44128950449
7,5	9,984966986	0,0622711	0,112332	286,396076651	4,32617658206
8	10,507125613	0,047619	0,0964591	301,208985963	4,11342309738
8,5	10,767937701	0,03663	0,0891331	308,598568245	4,01492465453
9	11,028749789	0,047619	0,0915751	315,981756076	3,92111245721
9,5	11,550908416	0,04884	0,108669	330,743431923	3,7461061367
10	11,812254955	0,029304	0,0744811	338,121585948	3,66436232258
10,5	12,399082153	0,018315	0,0744811	354,662619425	3,4934609179
11	12,660428692	0,043956	0,0830281	362,017383696	3,42248758154
11,5	13,182587319	0,034188	0,0903541	376,689161676	3,28918409674
12	13,508602429	0,017094	0,0744811	385,833849907	3,21122680216
12,5	13,965558034	0,019536	0,0622711	398,630312724	3,10814295966
13	14,291573144	0,034188	0,0927961	407,744502308	3,03866757979
13,5	14,748528749	0,019536	0,0708181	420,497023264	2,94651312959
14	15,07507831	0,00610501	0,0671551	429,593889377	2,88411923595
14,5	15,531499464	0,03663	0,0805861	442,28520989	2,8013597839
15	15,858049025	0,017094	0,0683761	451,348123241	2,74510945366
15,5	16,249267157	0,01221	0,0671551	462,186490616	2,68073607766
16	16,64101974	0,00976801	0,0695971	473,018072034	2,61935023893
16,5	16,901831828	0,015873	0,0854701	480,217044444	2,58008334842
17	17,489193477	0,00610501	0,0573871	496,392818937	2,49600709908
17,5	17,685336994	0,00854701	0,0647131	501,783021267	2,46919474651
18	18,272164192	0,018315	0,0757021	517,874201279	2,39247291512
18,5	18,468307709	0,00732601	0,0659341	523,240552942	2,36793572867
19	19,055669358	0,00854701	0,0573871	539,273438531	2,29753574249
19,5	19,316481446	0,00976801	0,0561661	546,374612045	2,26767491147
20	19,838640073	0,013431	0,0830281	560,55734099	2,21030019482
20,5	20,099452161	0,00732601	0,0622711	567,624085881	2,18278263875
21	20,621610788	0,00732601	0,0549451	581,736564571	2,12983002179
21,5	20,882422876	0,01221	0,0659341	588,76756119	2,10439582897
22	21,404581503	0,00610501	0,0671551	602,807154251	2,05538370151
22,5	21,731131064	0,00732601	0,0586081	611,561917232	2,0259600297
23	21,991943152	0,00854701	0,0598291	618,540009313	2,00310405365
23,5	22,514101779	0,00854701	0,0659341	632,471832101	1,95898052232
24	22,840116889	0,00610501	0,040293	641,143745247	1,93248395416
24,5	23,297072494	0,00976801	0,0830281	653,263638729	1,89663089532
25	23,623622055	0,00732601	0,043956	661,899343727	1,87188582636
25,5	24,080043209	0,00732601	0,0695971	673,933454438	1,83846044716
26	24,40659277	0,00854701	0,0610501	682,517139365	1,81533902746
26,5	24,928751397	0,00854701	0,0549451	696,196422828	1,77967016114
27	25,189563485	0,010989	0,0732601	703,007481266	1,76242790158
27,5	25,711722112	0,00854701	0,0708181	716,599638289	1,72899891906
28	26,037737222	0,00976801	0,1221	725,055932703	1,70883368319
28,5	26,429489805	0,00732601	0,250305	735,186272398	1,68528718029
29	26,821242388	0,00610501	0,437118	745,282242517	1,66245742796
29,5	27,016851454	0,00854701	0,697192	750,310328427	1,65131673263
30	27,604213103	0,00732601	0,934066	765,355534214	1,61885547907
30,5	27,865025191	0,00732601	1,06105	772,01051482	1,60490042067
31	28,45238684	0,00732601	1,21123	786,939069816	1,57445480536
31,5	28,713198928	0,00610501	1,25153	793,54152486	1,56135496529
32	29,235357555	0,00732601	1,32845	806,71041454	1,53586711869
32,5	29,496704094	0,00732601	1,37973	813,276507728	1,52346709665
33	30,01832827	0,00854701	1,42979	826,331113586	1,49939894508
33,5	30,279674809	0,00976801	1,49084	832,846105976	1,48766980011
34	30,540486897	0,00610501	1,55556	839,33050033	1,47617654727
34,5	31,062645524	0,00732601	1,60928	852,260177947	1,45378140627
35	31,323457612	0,00976801	1,67155	858,691959187	1,44289228139
35,5	31,845616239	0,00610501	1,77045	871,515098244	1,4216621175
36	32,106962778	0,00732601	1,82173	877,906116268	1,41131264157
36,5	32,694324427	0,00610501	1,93529	892,202713197	1,38869786168
37	32,955136515	0,00610501	2,04518	898,521002972	1,3789327082
37,5	33,477295142	0,00610501	2,14652	911,114448797	1,35987306714
38	33,73810723	0,00976801	2,28083	917,376453941	1,35059058326
38,5	34,260265857	0,00610501	2,42125	929,856042235	1,33246432106
39	34,586280967	0,00732601	2,55556	937,608705542	1,32144677484
39,5	34,782424484	0,00610501	2,70818	942,258402961	1,31492592277
40	35,304583111	0,00854701	2,88889	954,582506061	1,29794961895
40,5	35,630598221	0,00732601	3,06105	962,237048388	1,28762450175
41	36,152756848	0,00610501	3,2906	974,431854164	1,27151015713
41,5	36,674915475	0,00732601	3,46886	986,545730205	1,25589717949
42	36,935727563	0,00976801	3,73138	992,565847278	1,24827990344
42,5	37,45788619	0,00976801	3,91575	1004,55648685	1,2333801197
43	37,718698278	0,00976801	4,10989	1010,51448794	1,22610810116
43,5	38,240856905	0,0647131	4,2442	1022,3796519	1,21187857925
44	38,567406466	0,0989011	4,32845	1029,75683979	1,20319666947
44,5	39,089030642	0,177045	4,33455	1041,47153287	1,18966285769
45	39,350377181	0,264957	4,2967	1047,30848389	1,18303252485
45,5	39,806798335	0,384615	4,13675	1057,44992963	1,17168668254
46	40,198550918	0,543346	3,90598	1066,10098134	1,16217883829
46,5	40,394159984	0,69475	3,63492	1070,40197536	1,15750907465
47	40,981521633	0,837607	3,25031	1083,24153235	1,14378923167
47,5	41,242868172	0,995116	2,9536	1088,9179775	1,13782674691
48	41,764492348	1,08425	2,59829	1100,17979807	1,12617955918
48,5	42,025838887	1,17582	2,3199	1105,78801674	1,12046792083
49	42,547997514	1,23932	2,04029	1116,92396626	1,1092966374
49,5	42,808809602	1,27228	1,78144	1122,45156034	1,10383382569
50	43,396171251	1,33211	1,5641	1134,81463072	1,09180827111
50,5	43,591780317	1,36386	1,35653	1138,90549653	1,08788657511
51	44,179141966	1,36264	1,14042	1151,10930637	1,07635303889
51,5	44,440488505	1,38462	0,97558	1156,50057908	1,07133539093
52	44,962112681	1,39194	0,809524	1167,18902304	1,06152471926
52,5	45,22345922	1,37729	0,636142	1172,50787453	1,05670932104
53	45,745617847	1,38217	0,52381	1183,06153002	1,04728280699
53,5	46,006429935	1,37851	0,385836	1188,29621501	1,04266931456
54	46,528588562	1,35653	0,255189	1198,70220943	1,03361784958
54,5	46,78940065	1,34554	0,164835	1203,86265222	1,02918717323
55	47,115950211	1,33455	0,119658	1210,28859913	1,02372277231
55,5	47,637574387	1,29182	0,0720391	1220,47164524	1,01518130703
56	47,833717904	1,27473	0,0573871	1224,27459591	1,01202786053
56,5	48,421079553	1,25885	0,0720391	1235,57673451	1,00277058106
57	48,681891641	1,21612	0,037851	1240,55377692	0,998747513448
57,5	49,204050268	1,20269	0,047619	1250,44070958	0,990850658102
58	49,464862356	1,17827	0,046398	1255,34027522	0,986983389646
58,5	49,987020983	1,14286	0,041514	1265,07117645	0,979391533899
59	50,247833071	1,1221	0,025641	1269,89235039	0,975673252636
59,5	50,769991698	1,10501	0,046398	1279,46540304	0,968373194817
60	51,096541259	1,06593	0,040293	1285,39827749	0,963903578915
60,5	51,618699886	1,03419	0,015873	1294,79821057	0,956905863699
61	51,879511974	1,02686	0,040293	1299,4531435	0,95347801204
61,5	52,401670601	1,01465	0,041514	1308,69153623	0,946747163635
62	52,662482689	0,978022	0,042735	1313,2653487	0,943449852863
62,5	53,184641316	0,962149	0,019536	1322,3404759	0,936975024646
63	53,445453404	0,946276	0,0500611	1326,83231379	0,93380300368
63,5	53,772002965	0,910867	0,018315	1332,41754379	0,929888686749
64	54,22895857	0,897436	0,03663	1340,16051168	0,924516122659
64,5	54,489770658	0,86569	0,035409	1344,54170999	0,921503580583
65	55,077132307	0,840049	0,025641	1354,30622546	0,914859561824
65,5	55,337944395	0,827839	0,040293	1358,5964917	0,911970557532
66	55,8601564671	0,759463	0,021978	1367,1019933	0,906296681647
66,5	56,1211823355	0,733822	0,032967	1371,31091252	0,903515015219
67	56,6432340723	0,702076	0,037851	1379,64327986	0,898058228591
67,5	57,100029342	0,661783	0,029304	1386,8401686	0,893397832033
68	57,4915681446	0,653236	0,025641	1392,93878739	0,889486322883
68,5	58,0136198814	0,638584	0,045177	1400,96904439	0,884387849227
69	58,2746457498	0,598291	0,01221	1404,9405989	0,881887818582
69,5	58,7966974866	0,604396	0,043956	1412,7961478	0,876984271176
70	59,1229798221	0,579976	0,029304	1417,6463459	0,873983842012
70,5	59,6450315589	0,556777	0,030525	1425,31097287	0,869283983345
71	59,9060574273	0,567766	0,042735	1429,09895265	0,866979853079
71,5	60,1670832957	0,525031	0,040293	1432,85727159	0,864705804667
72	60,6891350325	0,520147	0,042735	1440,28461557	0,860246639178
72,5	60,9501609009	0,518926	0,0622711	1443,95348645	0,858060880511
73	61,4722126377	0,493284	0,0695971	1451,20124527	0,853775452604
73,5	61,7332385061	0,472527	0,0598291	1454,77998278	0,85167517746
74	62,2552902429	0,467643	0,0964591	1461,84680262	0,847558032605
74,5	62,5163161113	0,435897	0,0805861	1465,33473828	0,845540590578
75	63,1036243152	0,422466	0,0818071	1473,07128706	0,841099823805
75,5	63,3646501836	0,424908	0,0952381	1476,46011936	0,839169296719
76	63,8867019204	0,398046	0,100122	1483,14578283	0,83538652393
76,5	64,1477277888	0,368742	0,0854701	1486,44247523	0,833533769819
77	64,6697795256	0,368742	0,0940171	1492,94323927	0,829904290672
77,5	64,930805394	0,346764	0,0940171	1496,14717598	0,828127085283
78	65,5181135979	0,333333	0,0781441	1503,24239792	0,824218370712
78,5	65,7791394663	0,328449	0,111111	1506,34517449	0,822520642004
79	66,235934736	0,296703	0,0781441	1511,69976593	0,819607191803
79,5	66,5622170715	0,26862	0,0769231	1515,46566539	0,817570485623
80	67,0842688083	0,277167	0,0805861	1521,38883098	0,814387469378
80,5	67,2800382096	0,257631	0,0891331	1523,57748126	0,813217585087
81	67,8673464135	0,235653	0,0769231	1530,0366075	0,809784546284
81,5	68,1283722819	0,223443	0,0586081	1532,85576721	0,808295226796
82	68,6504240187	0,222222	0,0879121	1538,39858587	0,805382955612
82,5	68,9114498871	0,205128	0,0683761	1541,12212979	0,803959644762
83	69,4335016239	0,180708	0,0659341	1546,47320416	0,801177800347
83,5	69,6945274923	0,186813	0,0671551	1549,10062354	0,799818927944
84	70,2818356962	0,164835	0,0708181	1554,89468139	0,796838535
84,5	70,4776050975	0,151404	0,0512821	1556,78975815	0,795868545197
85	71,0649133014	0,150183	0,0647131	1562,36585113	0,793028085646
85,5	71,2606827027	0,112332	0,0561661	1564,18809735	0,792104224611
86	71,8479909066	0,114774	0,0512821	1569,54518389	0,789400657414
86,5	72,109016775	0,112332	0,0695971	1571,87320878	0,788231514525
87	72,6310685118	0,0927961	0,037851	1576,43133862	0,785952403789
87,5	72,8920943802	0,103785	0,0671551	1578,66134896	0,78484217075
88	73,4794025841	0,0842491	0,0500611	1583,55900582	0,782414798214
88,5	73,6751719854	0,0610501	0,046398	1585,1546083	0,781627226461
89	74,0014543209	0,0683761	0,0537241	1587,77281194	0,780338339767
89,5	74,5235060577	0,0512821	0,0573871	1591,85480235	0,778337319565
90	74,7845319261	0,039072	0,029304	1593,84626034	0,777364812926
90,5	75,3065836629	0,0537241	0,0659341	1597,7298952	0,775475256314
91	75,5676095313	0,031746	0,03663	1599,62199147	0,774557993454
91,5	76,0896612681	0,034188	0,0598291	1603,30654536	0,772777984091
92	76,3506871365	0,035409	0,0537241	1605,09892649	0,771915038725
92,5	76,8727388733	0,00732601	0,045177	1608,58371115	0,770242786503
93	77,1990212088	0,02442	0,0525031	1610,69390445	0,769233680328
93,5	77,6558164785	0,00732601	0,0610501	1613,56040685	0,76786713081
94	77,982098814	0,01221	0,040293	1615,54512669	0,766923795275
94,5	78,5041505508	0,00854701	0,0525031	1618,61167823	0,765470814687
95	78,7651764192	0,010989	0,0671551	1620,09457851	0,76477016616
95,5	79,287228156	0,00610501	0,040293	1622,95947417	0,763420171434
96	79,5482540244	0,00610501	0,0561661	1624,3414101	0,762770678811
96,5	80,0703057612	0,00610501	0,0647131	1627,00411474	0,761522351896
97	80,3313316296	0,00610501	0,0647131	1628,28482819	0,760923383029
97,5	80,9186398335	0,00610501	0,0525031	1631,0428314	0,759636703675
98	81,1144092348	0,00732601	0,0769231	1631,92409618	0,759226487861
98,5	81,7017174387	0,00854701	0,0525031	1634,4535376	0,758051527006
99	81,9627433071	0,00610501	0,0708181	1635,52262452	0,757556013854
99,5	82,4195385768	0,00610501	0,0842491	1637,31183318	0,756728177794
Vernier Format 2
Bandlücke-Si_try.txt 20.10.2014 18:03:03 ,
Latest 2
Time	Winkel	Pyro	Sample	Wellenlänge	Energie
t	Pot	Pot	Pot	Lambda	E
s	°	V	V	nm	eV

 	 	 	 	 	 
