0	0
1	0
2	0
3	0
4	0
5	0
6	0
7	0
8	13
9	20
10	19
11	18
12	19
13	18
14	16
15	20
16	19
17	16
18	16
19	10
20	11
21	15
22	16
23	23
24	8
25	10
26	21
27	27
28	18
29	13
30	8
31	14
32	9
33	16
34	15
35	11
36	15
37	20
38	9
39	7
40	11
41	18
42	10
43	12
44	19
45	19
46	10
47	13
48	16
49	12
50	8
51	20
52	17
53	14
54	12
55	17
56	13
57	16
58	9
59	18
60	6
61	22
62	16
63	15
64	29
65	23
66	15
67	17
68	24
69	17
70	20
71	22
72	23
73	15
74	28
75	22
76	30
77	24
78	21
79	21
80	18
81	18
82	18
83	21
84	23
85	30
86	30
87	31
88	18
89	23
90	31
91	22
92	24
93	27
94	31
95	30
96	24
97	27
98	34
99	28
100	31
101	33
102	29
103	33
104	35
105	32
106	34
107	33
108	41
109	29
110	35
111	40
112	34
113	31
114	45
115	37
116	29
117	31
118	26
119	33
120	50
121	42
122	35
123	31
124	34
125	45
126	33
127	43
128	28
129	38
130	33
131	38
132	29
133	41
134	41
135	24
136	31
137	40
138	27
139	36
140	39
141	33
142	37
143	21
144	28
145	32
146	30
147	39
148	35
149	35
150	32
151	32
152	29
153	32
154	31
155	34
156	36
157	30
158	30
159	39
160	29
161	26
162	28
163	41
164	26
165	42
166	29
167	35
168	27
169	34
170	27
171	26
172	29
173	28
174	30
175	17
176	24
177	29
178	35
179	25
180	26
181	27
182	33
183	31
184	26
185	29
186	29
187	25
188	22
189	34
190	23
191	19
192	17
193	21
194	22
195	23
196	25
197	14
198	20
199	17
200	25
201	18
202	21
203	18
204	20
205	18
206	24
207	14
208	16
209	15
210	18
211	21
212	19
213	15
214	18
215	10
216	14
217	20
218	15
219	21
220	10
221	15
222	15
223	11
224	13
225	12
226	10
227	12
228	9
229	18
230	18
231	4
232	9
233	8
234	4
235	6
236	9
237	6
238	10
239	7
240	4
241	10
242	6
243	7
244	12
245	5
246	4
247	2
248	6
249	9
250	7
251	7
252	7
253	8
254	2
255	9
256	3
257	3
258	7
259	6
260	4
261	3
262	3
263	1
264	4
265	4
266	6
267	5
268	3
269	4
270	3
271	0
272	5
273	3
274	1
275	1
276	1
277	5
278	5
279	2
280	1
281	3
282	4
283	1
284	1
285	0
286	1
287	1
288	3
289	1
290	1
291	0
292	1
293	0
294	1
295	2
296	1
297	1
298	0
299	2
300	1
301	1
302	0
303	0
304	0
305	2
306	0
307	1
308	2
309	1
310	2
311	1
312	1
313	0
314	0
315	1
316	0
317	0
318	1
319	0
320	1
321	1
322	0
323	0
324	0
325	1
326	0
327	0
328	1
329	1
330	0
331	1
332	1
333	0
334	0
335	0
336	0
337	0
338	0
339	0
340	0
341	0
342	0
343	0
344	0
345	0
346	0
347	0
348	0
349	0
350	0
351	0
352	0
353	0
354	1
355	1
356	2
357	0
358	0
359	0
360	0
361	0
362	0
363	0
364	0
365	0
366	0
367	0
368	0
369	0
370	0
371	0
372	0
373	0
374	0
375	1
376	0
377	0
378	0
379	0
380	0
381	0
382	0
383	0
384	0
385	0
386	0
387	0
388	0
389	0
390	0
391	0
392	0
393	0
394	0
395	0
396	0
397	0
398	0
399	0
400	0
401	0
402	0
403	0
404	0
405	0
406	0
407	0
408	0
409	0
410	0
411	0
412	0
413	0
414	0
415	0
416	0
417	0
418	0
419	0
420	0
421	0
422	0
423	0
424	0
425	0
426	0
427	0
428	0
429	0
430	1
431	0
432	0
433	0
434	0
435	0
436	0
437	0
438	0
439	0
440	0
441	0
442	0
443	0
444	0
445	0
446	0
447	0
448	0
449	0
450	0
451	0
452	0
453	0
454	0
455	0
456	0
457	0
458	0
459	0
460	0
461	0
462	0
463	0
464	0
465	0
466	0
467	0
468	0
469	0
470	0
471	0
472	0
473	0
474	0
475	0
476	0
477	0
478	0
479	0
480	0
481	0
482	0
483	0
484	0
485	0
486	0
487	0
488	0
489	1
490	0
491	0
492	0
493	0
494	0
495	0
496	1
497	0
498	0
499	0
500	0
501	0
502	0
503	0
504	0
505	0
506	0
507	0
508	0
509	0
510	0
511	0
512	0
513	0
514	0
515	0
516	0
517	0
518	0
519	0
520	0
521	0
522	0
523	0
524	0
525	0
526	0
527	0
528	0
529	0
530	0
531	0
532	0
533	0
534	0
535	0
536	0
537	0
538	0
539	0
540	0
541	0
542	0
543	0
544	0
545	0
546	0
547	0
548	0
549	0
550	0
551	0
552	0
553	0
554	0
555	0
556	0
557	0
558	0
559	0
560	0
561	1
562	0
563	0
564	0
565	0
566	0
567	0
568	0
569	0
570	0
571	0
572	0
573	0
574	0
575	0
576	1
577	0
578	1
579	0
580	0
581	0
582	0
583	0
584	0
585	0
586	0
587	0
588	0
589	0
590	0
591	0
592	0
593	0
594	0
595	0
596	0
597	0
598	0
599	0
600	0
601	0
602	0
603	1
604	0
605	0
606	0
607	0
608	0
609	0
610	0
611	0
612	0
613	0
614	0
615	0
616	0
617	1
618	0
619	0
620	0
621	0
622	0
623	0
624	0
625	0
626	1
627	0
628	0
629	0
630	0
631	0
632	0
633	0
634	0
635	0
636	0
637	0
638	0
639	0
640	0
641	0
642	0
643	0
644	0
645	0
646	0
647	0
648	0
649	0
650	0
651	0
652	0
653	0
654	0
655	0
656	0
657	0
658	0
659	0
660	0
661	0
662	0
663	0
664	0
665	0
666	1
667	0
668	0
669	0
670	0
671	0
672	0
673	0
674	0
675	0
676	0
677	0
678	0
679	0
680	0
681	0
682	0
683	0
684	0
685	0
686	0
687	0
688	0
689	0
690	0
691	0
692	0
693	0
694	0
695	0
696	0
697	0
698	0
699	0
700	0
701	0
702	0
703	0
704	0
705	0
706	0
707	0
708	0
709	0
710	0
711	0
712	0
713	0
714	1
715	0
716	0
717	0
718	0
719	0
720	0
721	0
722	0
723	0
724	0
725	0
726	0
727	0
728	0
729	0
730	0
731	0
732	0
733	0
734	0
735	0
736	0
737	0
738	0
739	0
740	0
741	0
742	0
743	0
744	0
745	0
746	0
747	0
748	0
749	0
750	0
751	1
752	0
753	0
754	0
755	0
756	0
757	0
758	0
759	0
760	0
761	0
762	0
763	0
764	0
765	0
766	0
767	0
768	0
769	0
770	0
771	0
772	0
773	0
774	0
775	0
776	0
777	1
778	0
779	0
780	0
781	0
782	0
783	0
784	0
785	0
786	0
787	0
788	0
789	0
790	1
791	0
792	0
793	1
794	0
795	0
796	0
797	0
798	0
799	0
800	0
801	0
802	0
803	0
804	0
805	0
806	0
807	0
808	0
809	0
810	0
811	0
812	0
813	0
814	0
815	0
816	0
817	0
818	0
819	0
820	0
821	0
822	0
823	0
824	0
825	0
826	0
827	0
828	0
829	0
830	0
831	0
832	0
833	0
834	0
835	0
836	0
837	0
838	0
839	0
840	0
841	0
842	0
843	0
844	0
845	0
846	0
847	1
848	0
849	0
850	0
851	0
852	0
853	0
854	0
855	0
856	0
857	0
858	0
859	0
860	0
861	0
862	0
863	0
864	0
865	0
866	0
867	0
868	0
869	0
870	0
871	0
872	0
873	0
874	0
875	0
876	0
877	0
878	0
879	0
880	0
881	1
882	0
883	0
884	0
885	0
886	0
887	0
888	0
889	0
890	0
891	0
892	0
893	0
894	0
895	0
896	0
897	0
898	0
899	0
900	0
901	0
902	0
903	0
904	0
905	0
906	0
907	0
908	0
909	0
910	0
911	0
912	1
913	0
914	0
915	0
916	0
917	0
918	0
919	0
920	0
921	0
922	0
923	0
924	0
925	0
926	0
927	0
928	0
929	0
930	0
931	0
932	0
933	0
934	0
935	0
936	0
937	0
938	0
939	1
940	0
941	0
942	0
943	0
944	0
945	0
946	0
947	0
948	0
949	0
950	0
951	0
952	0
953	0
954	0
955	0
956	0
957	0
958	0
959	0
960	0
961	0
962	0
963	0
964	0
965	0
966	0
967	0
968	0
969	0
970	0
971	0
972	0
973	0
974	0
975	0
976	0
977	0
978	0
979	0
980	0
981	0
982	0
983	0
984	0
985	0
986	0
987	0
988	0
989	0
990	0
991	0
992	0
993	0
994	0
995	0
996	0
997	0
998	0
999	0
1000	0
1001	0
1002	0
1003	0
1004	0
1005	0
1006	0
1007	0
1008	0
1009	0
1010	0
1011	0
1012	0
1013	0
1014	0
1015	0
1016	0
1017	0
1018	0
1019	0
1020	0
1021	0
1022	0
1023	0
