0	0
1	0
2	0
3	0
4	0
5	0
6	0
7	0
8	0
9	0
10	0
11	0
12	0
13	0
14	0
15	0
16	0
17	0
18	0
19	0
20	0
21	0
22	0
23	0
24	0
25	0
26	0
27	0
28	0
29	0
30	0
31	1
32	0
33	0
34	0
35	0
36	0
37	1
38	0
39	0
40	0
41	1
42	0
43	0
44	1
45	2
46	1
47	1
48	0
49	2
50	2
51	2
52	1
53	1
54	0
55	1
56	3
57	1
58	1
59	3
60	2
61	3
62	4
63	10
64	28
65	297
66	1480
67	3232
68	3990
69	3896
70	3824
71	3711
72	3506
73	3451
74	3333
75	3280
76	3038
77	3000
78	2871
79	2797
80	2762
81	2602
82	2549
83	2469
84	2332
85	2274
86	2289
87	2125
88	2027
89	1975
90	1890
91	1891
92	1782
93	1710
94	1653
95	1612
96	1542
97	1462
98	1415
99	1321
100	1248
101	1257
102	1190
103	1201
104	1192
105	1052
106	1012
107	986
108	981
109	944
110	909
111	853
112	823
113	769
114	734
115	706
116	684
117	629
118	636
119	589
120	639
121	560
122	573
123	562
124	498
125	526
126	482
127	487
128	451
129	432
130	393
131	380
132	361
133	364
134	375
135	323
136	318
137	361
138	332
139	337
140	299
141	302
142	297
143	244
144	244
145	262
146	269
147	240
148	237
149	228
150	206
151	198
152	220
153	192
154	208
155	226
156	212
157	188
158	200
159	182
160	169
161	183
162	158
163	192
164	182
165	210
166	145
167	132
168	143
169	131
170	142
171	140
172	172
173	141
174	141
175	137
176	143
177	127
178	147
179	145
180	157
181	135
182	145
183	116
184	125
185	128
186	114
187	117
188	120
189	107
190	112
191	106
192	127
193	121
194	109
195	110
196	128
197	119
198	107
199	117
200	117
201	113
202	83
203	112
204	119
205	92
206	97
207	134
208	103
209	121
210	104
211	83
212	105
213	97
214	91
215	107
216	102
217	111
218	99
219	107
220	94
221	114
222	109
223	82
224	117
225	98
226	120
227	87
228	117
229	113
230	102
231	104
232	122
233	115
234	86
235	104
236	100
237	102
238	88
239	112
240	105
241	79
242	108
243	101
244	82
245	92
246	114
247	107
248	101
249	83
250	88
251	86
252	104
253	67
254	91
255	94
256	87
257	98
258	79
259	73
260	89
261	84
262	98
263	101
264	97
265	98
266	95
267	84
268	67
269	82
270	91
271	84
272	90
273	86
274	74
275	75
276	90
277	93
278	87
279	77
280	96
281	86
282	76
283	78
284	87
285	80
286	88
287	92
288	80
289	81
290	81
291	78
292	87
293	84
294	80
295	81
296	82
297	58
298	76
299	74
300	81
301	77
302	84
303	87
304	91
305	79
306	81
307	82
308	75
309	73
310	82
311	75
312	85
313	75
314	70
315	66
316	82
317	72
318	71
319	72
320	70
321	72
322	68
323	78
324	76
325	66
326	78
327	82
328	81
329	58
330	64
331	67
332	77
333	70
334	60
335	64
336	79
337	86
338	64
339	66
340	46
341	68
342	67
343	83
344	77
345	61
346	68
347	59
348	49
349	69
350	69
351	73
352	63
353	68
354	62
355	63
356	75
357	72
358	66
359	55
360	59
361	55
362	60
363	70
364	73
365	71
366	59
367	66
368	59
369	57
370	59
371	52
372	54
373	61
374	58
375	53
376	51
377	53
378	53
379	73
380	57
381	48
382	72
383	59
384	68
385	53
386	72
387	56
388	55
389	54
390	66
391	62
392	61
393	68
394	59
395	50
396	56
397	63
398	50
399	40
400	48
401	44
402	54
403	59
404	45
405	64
406	44
407	51
408	54
409	59
410	52
411	65
412	44
413	52
414	69
415	39
416	55
417	56
418	51
419	48
420	55
421	58
422	55
423	51
424	45
425	50
426	45
427	49
428	45
429	45
430	37
431	43
432	42
433	41
434	61
435	53
436	48
437	44
438	47
439	52
440	53
441	50
442	48
443	51
444	59
445	57
446	41
447	45
448	57
449	52
450	41
451	56
452	48
453	36
454	44
455	60
456	53
457	45
458	48
459	40
460	50
461	38
462	49
463	33
464	49
465	49
466	41
467	49
468	42
469	40
470	54
471	30
472	35
473	44
474	49
475	40
476	32
477	35
478	33
479	32
480	45
481	37
482	37
483	45
484	27
485	38
486	54
487	46
488	33
489	46
490	43
491	46
492	34
493	34
494	56
495	25
496	37
497	43
498	33
499	44
500	29
501	36
502	46
503	53
504	54
505	36
506	44
507	37
508	42
509	46
510	38
511	30
512	33
513	40
514	53
515	39
516	34
517	38
518	34
519	30
520	32
521	31
522	35
523	39
524	37
525	35
526	30
527	34
528	31
529	36
530	42
531	34
532	36
533	31
534	31
535	37
536	28
537	33
538	32
539	26
540	31
541	38
542	27
543	37
544	34
545	38
546	32
547	40
548	30
549	24
550	27
551	29
552	38
553	27
554	28
555	27
556	38
557	29
558	39
559	17
560	32
561	31
562	40
563	31
564	26
565	26
566	37
567	36
568	33
569	36
570	25
571	26
572	24
573	32
574	29
575	32
576	24
577	21
578	46
579	31
580	37
581	21
582	34
583	35
584	22
585	28
586	35
587	25
588	35
589	25
590	23
591	26
592	39
593	31
594	32
595	34
596	26
597	35
598	29
599	26
600	23
601	27
602	29
603	30
604	35
605	28
606	26
607	33
608	27
609	28
610	28
611	17
612	26
613	26
614	29
615	31
616	25
617	22
618	36
619	16
620	31
621	18
622	22
623	31
624	21
625	30
626	27
627	28
628	26
629	39
630	32
631	19
632	29
633	25
634	30
635	30
636	22
637	35
638	18
639	24
640	27
641	33
642	36
643	29
644	27
645	34
646	41
647	31
648	26
649	25
650	30
651	26
652	28
653	36
654	26
655	35
656	25
657	29
658	28
659	17
660	22
661	21
662	28
663	21
664	30
665	31
666	23
667	18
668	32
669	15
670	31
671	21
672	34
673	23
674	21
675	27
676	36
677	26
678	23
679	20
680	25
681	29
682	26
683	27
684	28
685	37
686	22
687	23
688	27
689	22
690	28
691	26
692	22
693	22
694	34
695	25
696	28
697	27
698	30
699	23
700	23
701	30
702	20
703	30
704	23
705	27
706	30
707	24
708	24
709	16
710	26
711	24
712	25
713	39
714	22
715	20
716	28
717	35
718	23
719	21
720	19
721	17
722	31
723	26
724	24
725	18
726	21
727	24
728	36
729	29
730	19
731	26
732	24
733	31
734	20
735	34
736	14
737	31
738	31
739	19
740	32
741	21
742	14
743	33
744	18
745	24
746	20
747	27
748	33
749	20
750	29
751	26
752	18
753	18
754	36
755	35
756	18
757	20
758	23
759	27
760	24
761	23
762	15
763	28
764	22
765	20
766	34
767	20
768	29
769	19
770	29
771	19
772	30
773	22
774	37
775	25
776	26
777	25
778	23
779	24
780	24
781	28
782	24
783	18
784	31
785	23
786	29
787	31
788	21
789	18
790	23
791	14
792	26
793	29
794	22
795	21
796	24
797	25
798	25
799	21
800	27
801	28
802	18
803	24
804	24
805	25
806	28
807	21
808	19
809	25
810	33
811	17
812	21
813	23
814	33
815	26
816	19
817	24
818	24
819	20
820	20
821	22
822	29
823	17
824	27
825	22
826	19
827	19
828	20
829	25
830	27
831	22
832	22
833	21
834	16
835	27
836	19
837	15
838	32
839	23
840	28
841	21
842	10
843	23
844	18
845	30
846	13
847	18
848	22
849	28
850	14
851	19
852	26
853	29
854	25
855	24
856	19
857	24
858	20
859	32
860	14
861	19
862	22
863	19
864	20
865	27
866	19
867	23
868	17
869	22
870	19
871	24
872	17
873	21
874	19
875	24
876	20
877	30
878	21
879	24
880	25
881	19
882	21
883	23
884	21
885	28
886	30
887	38
888	22
889	18
890	28
891	29
892	26
893	31
894	23
895	24
896	23
897	24
898	15
899	23
900	18
901	19
902	28
903	23
904	19
905	24
906	24
907	15
908	17
909	16
910	28
911	18
912	20
913	24
914	32
915	25
916	22
917	23
918	22
919	16
920	23
921	26
922	25
923	19
924	29
925	26
926	17
927	23
928	22
929	24
930	21
931	19
932	16
933	24
934	30
935	29
936	20
937	20
938	18
939	23
940	22
941	16
942	24
943	25
944	20
945	21
946	14
947	23
948	14
949	17
950	20
951	18
952	14
953	18
954	19
955	25
956	22
957	20
958	23
959	18
960	21
961	13
962	27
963	24
964	22
965	22
966	27
967	25
968	22
969	18
970	26
971	20
972	20
973	22
974	20
975	22
976	18
977	20
978	20
979	24
980	21
981	21
982	18
983	20
984	25
985	23
986	19
987	16
988	16
989	12
990	13
991	21
992	18
993	29
994	22
995	13
996	21
997	20
998	22
999	15
1000	17
1001	16
1002	15
1003	21
1004	15
1005	17
1006	19
1007	21
1008	16
1009	22
1010	18
1011	20
1012	20
1013	27
1014	22
1015	27
1016	30
1017	20
1018	15
1019	22
1020	28
1021	21
1022	21
1023	12
1024	21
1025	23
1026	18
1027	25
1028	19
1029	19
1030	24
1031	13
1032	16
1033	16
1034	25
1035	20
1036	17
1037	18
1038	21
1039	25
1040	19
1041	18
1042	20
1043	21
1044	18
1045	19
1046	23
1047	21
1048	18
1049	22
1050	21
1051	18
1052	23
1053	21
1054	15
1055	19
1056	20
1057	20
1058	20
1059	22
1060	19
1061	26
1062	15
1063	22
1064	28
1065	19
1066	15
1067	17
1068	17
1069	19
1070	16
1071	24
1072	27
1073	24
1074	20
1075	20
1076	18
1077	23
1078	17
1079	17
1080	21
1081	19
1082	19
1083	24
1084	20
1085	23
1086	24
1087	22
1088	24
1089	18
1090	12
1091	20
1092	16
1093	17
1094	18
1095	25
1096	19
1097	18
1098	20
1099	25
1100	21
1101	21
1102	19
1103	22
1104	19
1105	19
1106	24
1107	20
1108	22
1109	21
1110	17
1111	17
1112	18
1113	15
1114	14
1115	20
1116	17
1117	11
1118	21
1119	26
1120	20
1121	21
1122	18
1123	15
1124	21
1125	11
1126	12
1127	21
1128	14
1129	16
1130	9
1131	18
1132	18
1133	28
1134	27
1135	23
1136	22
1137	20
1138	15
1139	16
1140	24
1141	19
1142	25
1143	25
1144	21
1145	17
1146	22
1147	23
1148	20
1149	18
1150	22
1151	24
1152	21
1153	16
1154	18
1155	19
1156	18
1157	19
1158	21
1159	18
1160	11
1161	16
1162	19
1163	18
1164	20
1165	22
1166	27
1167	21
1168	19
1169	18
1170	18
1171	21
1172	21
1173	20
1174	19
1175	22
1176	21
1177	25
1178	22
1179	17
1180	20
1181	21
1182	20
1183	12
1184	14
1185	14
1186	17
1187	28
1188	13
1189	18
1190	19
1191	23
1192	27
1193	15
1194	18
1195	20
1196	17
1197	13
1198	24
1199	17
1200	22
1201	24
1202	17
1203	21
1204	25
1205	16
1206	26
1207	17
1208	17
1209	23
1210	16
1211	24
1212	19
1213	19
1214	16
1215	15
1216	20
1217	24
1218	14
1219	23
1220	20
1221	15
1222	25
1223	16
1224	14
1225	23
1226	24
1227	21
1228	21
1229	20
1230	15
1231	17
1232	14
1233	13
1234	25
1235	21
1236	21
1237	15
1238	21
1239	15
1240	22
1241	18
1242	21
1243	23
1244	17
1245	14
1246	10
1247	19
1248	11
1249	21
1250	13
1251	13
1252	17
1253	20
1254	19
1255	19
1256	22
1257	19
1258	25
1259	23
1260	18
1261	25
1262	17
1263	13
1264	18
1265	27
1266	12
1267	16
1268	20
1269	18
1270	22
1271	14
1272	25
1273	20
1274	15
1275	13
1276	15
1277	20
1278	22
1279	19
1280	20
1281	13
1282	24
1283	11
1284	28
1285	29
1286	9
1287	22
1288	18
1289	14
1290	18
1291	22
1292	16
1293	24
1294	20
1295	19
1296	23
1297	12
1298	22
1299	16
1300	17
1301	17
1302	17
1303	26
1304	16
1305	17
1306	24
1307	17
1308	17
1309	23
1310	19
1311	18
1312	21
1313	11
1314	22
1315	17
1316	21
1317	13
1318	28
1319	19
1320	13
1321	16
1322	20
1323	25
1324	17
1325	15
1326	23
1327	14
1328	18
1329	17
1330	18
1331	24
1332	16
1333	22
1334	14
1335	18
1336	19
1337	13
1338	17
1339	16
1340	16
1341	19
1342	19
1343	17
1344	18
1345	17
1346	17
1347	14
1348	29
1349	19
1350	16
1351	22
1352	17
1353	16
1354	19
1355	20
1356	21
1357	15
1358	16
1359	17
1360	17
1361	23
1362	18
1363	20
1364	20
1365	21
1366	18
1367	18
1368	23
1369	21
1370	18
1371	13
1372	19
1373	13
1374	28
1375	25
1376	20
1377	22
1378	28
1379	20
1380	23
1381	15
1382	16
1383	20
1384	13
1385	20
1386	22
1387	18
1388	13
1389	19
1390	21
1391	22
1392	16
1393	23
1394	13
1395	18
1396	22
1397	18
1398	14
1399	22
1400	29
1401	23
1402	13
1403	23
1404	19
1405	21
1406	21
1407	17
1408	19
1409	19
1410	16
1411	10
1412	22
1413	18
1414	11
1415	13
1416	19
1417	16
1418	23
1419	20
1420	18
1421	18
1422	19
1423	14
1424	13
1425	27
1426	10
1427	14
1428	21
1429	18
1430	10
1431	24
1432	23
1433	19
1434	20
1435	25
1436	17
1437	28
1438	10
1439	14
1440	17
1441	15
1442	16
1443	22
1444	18
1445	19
1446	16
1447	20
1448	14
1449	18
1450	20
1451	13
1452	23
1453	20
1454	19
1455	20
1456	17
1457	15
1458	20
1459	19
1460	23
1461	19
1462	19
1463	17
1464	22
1465	17
1466	21
1467	14
1468	12
1469	21
1470	10
1471	26
1472	18
1473	17
1474	16
1475	31
1476	21
1477	21
1478	14
1479	23
1480	10
1481	19
1482	15
1483	12
1484	15
1485	20
1486	23
1487	16
1488	26
1489	16
1490	16
1491	12
1492	16
1493	22
1494	14
1495	18
1496	20
1497	15
1498	25
1499	20
1500	19
1501	14
1502	23
1503	16
1504	22
1505	20
1506	18
1507	14
1508	18
1509	16
1510	22
1511	17
1512	16
1513	13
1514	12
1515	20
1516	18
1517	22
1518	19
1519	14
1520	14
1521	7
1522	18
1523	19
1524	22
1525	16
1526	16
1527	15
1528	14
1529	19
1530	12
1531	20
1532	15
1533	14
1534	21
1535	13
1536	26
1537	17
1538	13
1539	27
1540	14
1541	18
1542	12
1543	17
1544	14
1545	15
1546	14
1547	19
1548	10
1549	22
1550	15
1551	13
1552	16
1553	12
1554	17
1555	23
1556	19
1557	15
1558	30
1559	24
1560	14
1561	12
1562	26
1563	20
1564	9
1565	14
1566	18
1567	15
1568	20
1569	13
1570	16
1571	15
1572	13
1573	17
1574	19
1575	14
1576	20
1577	10
1578	24
1579	14
1580	18
1581	11
1582	17
1583	20
1584	15
1585	14
1586	20
1587	15
1588	14
1589	13
1590	12
1591	15
1592	20
1593	18
1594	19
1595	18
1596	16
1597	21
1598	20
1599	19
1600	15
1601	12
1602	17
1603	14
1604	11
1605	13
1606	19
1607	17
1608	17
1609	15
1610	21
1611	20
1612	18
1613	25
1614	17
1615	19
1616	20
1617	17
1618	15
1619	19
1620	11
1621	18
1622	19
1623	11
1624	22
1625	17
1626	27
1627	17
1628	12
1629	24
1630	16
1631	16
1632	15
1633	15
1634	23
1635	18
1636	19
1637	24
1638	13
1639	20
1640	16
1641	21
1642	18
1643	18
1644	16
1645	18
1646	23
1647	16
1648	18
1649	16
1650	18
1651	16
1652	16
1653	26
1654	15
1655	15
1656	21
1657	15
1658	12
1659	13
1660	17
1661	18
1662	18
1663	10
1664	18
1665	20
1666	14
1667	20
1668	16
1669	12
1670	24
1671	16
1672	11
1673	20
1674	6
1675	13
1676	25
1677	20
1678	16
1679	19
1680	19
1681	14
1682	16
1683	15
1684	16
1685	14
1686	13
1687	24
1688	19
1689	22
1690	22
1691	18
1692	16
1693	14
1694	16
1695	21
1696	17
1697	15
1698	15
1699	15
1700	17
1701	15
1702	17
1703	17
1704	16
1705	26
1706	14
1707	8
1708	21
1709	15
1710	14
1711	17
1712	18
1713	16
1714	23
1715	8
1716	19
1717	13
1718	18
1719	16
1720	16
1721	15
1722	16
1723	12
1724	16
1725	13
1726	14
1727	14
1728	16
1729	23
1730	10
1731	19
1732	20
1733	19
1734	9
1735	13
1736	20
1737	26
1738	14
1739	17
1740	19
1741	16
1742	10
1743	18
1744	15
1745	23
1746	15
1747	17
1748	16
1749	18
1750	16
1751	20
1752	17
1753	19
1754	23
1755	13
1756	12
1757	17
1758	13
1759	12
1760	25
1761	17
1762	19
1763	17
1764	23
1765	16
1766	15
1767	11
1768	16
1769	28
1770	21
1771	26
1772	20
1773	18
1774	18
1775	15
1776	15
1777	20
1778	22
1779	15
1780	16
1781	21
1782	13
1783	10
1784	18
1785	10
1786	13
1787	22
1788	25
1789	16
1790	21
1791	18
1792	13
1793	11
1794	22
1795	17
1796	18
1797	14
1798	20
1799	18
1800	19
1801	14
1802	19
1803	20
1804	12
1805	16
1806	21
1807	19
1808	30
1809	21
1810	20
1811	13
1812	22
1813	17
1814	21
1815	19
1816	21
1817	22
1818	24
1819	20
1820	14
1821	13
1822	16
1823	24
1824	18
1825	16
1826	18
1827	15
1828	14
1829	18
1830	17
1831	17
1832	16
1833	15
1834	19
1835	18
1836	15
1837	22
1838	14
1839	13
1840	15
1841	19
1842	13
1843	26
1844	15
1845	17
1846	14
1847	13
1848	19
1849	10
1850	17
1851	15
1852	23
1853	14
1854	16
1855	15
1856	15
1857	17
1858	22
1859	16
1860	9
1861	26
1862	19
1863	21
1864	15
1865	17
1866	19
1867	17
1868	16
1869	24
1870	12
1871	15
1872	22
1873	18
1874	16
1875	13
1876	12
1877	13
1878	16
1879	14
1880	18
1881	15
1882	15
1883	18
1884	18
1885	20
1886	18
1887	11
1888	11
1889	13
1890	15
1891	11
1892	14
1893	12
1894	19
1895	18
1896	13
1897	18
1898	27
1899	15
1900	17
1901	6
1902	15
1903	9
1904	15
1905	6
1906	18
1907	18
1908	10
1909	21
1910	18
1911	16
1912	12
1913	24
1914	16
1915	11
1916	20
1917	20
1918	18
1919	14
1920	18
1921	22
1922	15
1923	21
1924	18
1925	18
1926	9
1927	15
1928	11
1929	19
1930	14
1931	14
1932	21
1933	19
1934	13
1935	17
1936	17
1937	20
1938	9
1939	16
1940	15
1941	11
1942	15
1943	20
1944	12
1945	18
1946	20
1947	23
1948	19
1949	11
1950	14
1951	16
1952	15
1953	13
1954	20
1955	13
1956	13
1957	13
1958	20
1959	27
1960	19
1961	7
1962	16
1963	15
1964	15
1965	17
1966	23
1967	13
1968	23
1969	23
1970	12
1971	23
1972	16
1973	15
1974	19
1975	16
1976	18
1977	15
1978	20
1979	18
1980	23
1981	15
1982	18
1983	19
1984	12
1985	11
1986	11
1987	15
1988	13
1989	19
1990	17
1991	19
1992	18
1993	15
1994	19
1995	20
1996	9
1997	24
1998	16
1999	12
2000	20
2001	11
2002	16
2003	18
2004	10
2005	32
2006	7
2007	9
2008	15
2009	11
2010	13
2011	20
2012	14
2013	13
2014	14
2015	15
2016	15
2017	15
2018	13
2019	15
2020	7
2021	19
2022	9
2023	17
2024	17
2025	22
2026	19
2027	10
2028	14
2029	12
2030	14
2031	17
2032	16
2033	13
2034	18
2035	21
2036	13
2037	17
2038	17
2039	23
2040	15
2041	20
2042	16
2043	21
2044	12
2045	12
2046	12
2047	19
2048	15
2049	11
2050	22
2051	18
2052	15
2053	16
2054	23
2055	17
2056	18
2057	19
2058	16
2059	15
2060	19
2061	21
2062	10
2063	16
2064	10
2065	14
2066	21
2067	19
2068	14
2069	19
2070	12
2071	23
2072	17
2073	17
2074	17
2075	16
2076	15
2077	14
2078	21
2079	14
2080	11
2081	13
2082	19
2083	13
2084	8
2085	18
2086	13
2087	16
2088	10
2089	13
2090	15
2091	17
2092	9
2093	20
2094	16
2095	12
2096	22
2097	19
2098	12
2099	17
2100	18
2101	9
2102	16
2103	10
2104	15
2105	24
2106	12
2107	13
2108	22
2109	19
2110	13
2111	16
2112	14
2113	10
2114	20
2115	14
2116	13
2117	18
2118	12
2119	13
2120	19
2121	13
2122	16
2123	17
2124	17
2125	22
2126	19
2127	17
2128	12
2129	16
2130	10
2131	20
2132	13
2133	21
2134	19
2135	14
2136	20
2137	17
2138	13
2139	15
2140	18
2141	13
2142	13
2143	11
2144	12
2145	8
2146	21
2147	9
2148	22
2149	14
2150	14
2151	13
2152	12
2153	17
2154	14
2155	18
2156	9
2157	20
2158	15
2159	16
2160	17
2161	14
2162	18
2163	17
2164	9
2165	15
2166	17
2167	11
2168	17
2169	17
2170	15
2171	9
2172	12
2173	12
2174	11
2175	13
2176	18
2177	19
2178	11
2179	23
2180	16
2181	13
2182	14
2183	16
2184	12
2185	20
2186	11
2187	19
2188	20
2189	8
2190	16
2191	9
2192	22
2193	19
2194	9
2195	9
2196	16
2197	13
2198	22
2199	11
2200	16
2201	18
2202	13
2203	19
2204	12
2205	18
2206	12
2207	13
2208	10
2209	21
2210	17
2211	11
2212	13
2213	19
2214	10
2215	17
2216	16
2217	15
2218	18
2219	15
2220	19
2221	14
2222	13
2223	14
2224	10
2225	15
2226	13
2227	15
2228	14
2229	18
2230	14
2231	18
2232	24
2233	10
2234	14
2235	14
2236	8
2237	10
2238	16
2239	26
2240	15
2241	17
2242	11
2243	17
2244	10
2245	7
2246	13
2247	22
2248	17
2249	12
2250	16
2251	20
2252	19
2253	16
2254	15
2255	16
2256	14
2257	26
2258	27
2259	18
2260	22
2261	16
2262	12
2263	11
2264	17
2265	18
2266	18
2267	9
2268	15
2269	12
2270	14
2271	16
2272	23
2273	22
2274	14
2275	22
2276	13
2277	16
2278	23
2279	16
2280	16
2281	18
2282	16
2283	12
2284	16
2285	10
2286	18
2287	19
2288	20
2289	14
2290	15
2291	17
2292	14
2293	12
2294	17
2295	10
2296	15
2297	14
2298	8
2299	11
2300	11
2301	16
2302	10
2303	13
2304	12
2305	19
2306	9
2307	15
2308	10
2309	17
2310	16
2311	8
2312	24
2313	19
2314	17
2315	15
2316	22
2317	16
2318	17
2319	16
2320	20
2321	13
2322	15
2323	11
2324	14
2325	18
2326	19
2327	14
2328	14
2329	20
2330	15
2331	14
2332	15
2333	16
2334	15
2335	19
2336	14
2337	16
2338	14
2339	23
2340	14
2341	22
2342	14
2343	17
2344	14
2345	11
2346	12
2347	12
2348	10
2349	18
2350	17
2351	18
2352	13
2353	18
2354	12
2355	14
2356	12
2357	14
2358	13
2359	16
2360	20
2361	10
2362	14
2363	13
2364	17
2365	12
2366	19
2367	16
2368	14
2369	14
2370	10
2371	16
2372	15
2373	16
2374	25
2375	13
2376	11
2377	23
2378	12
2379	10
2380	9
2381	18
2382	14
2383	13
2384	20
2385	14
2386	14
2387	10
2388	15
2389	14
2390	11
2391	11
2392	16
2393	13
2394	11
2395	12
2396	10
2397	11
2398	17
2399	19
2400	24
2401	13
2402	15
2403	10
2404	20
2405	11
2406	16
2407	9
2408	12
2409	16
2410	19
2411	11
2412	8
2413	7
2414	21
2415	11
2416	17
2417	21
2418	17
2419	19
2420	6
2421	25
2422	16
2423	16
2424	14
2425	15
2426	11
2427	14
2428	17
2429	9
2430	14
2431	6
2432	16
2433	13
2434	16
2435	14
2436	19
2437	10
2438	13
2439	17
2440	10
2441	8
2442	13
2443	19
2444	10
2445	11
2446	10
2447	12
2448	13
2449	16
2450	11
2451	12
2452	16
2453	15
2454	18
2455	11
2456	16
2457	24
2458	14
2459	13
2460	11
2461	23
2462	20
2463	8
2464	12
2465	13
2466	14
2467	13
2468	14
2469	13
2470	19
2471	12
2472	20
2473	17
2474	15
2475	13
2476	10
2477	16
2478	17
2479	22
2480	15
2481	17
2482	8
2483	18
2484	9
2485	14
2486	17
2487	15
2488	17
2489	15
2490	14
2491	14
2492	8
2493	10
2494	12
2495	15
2496	11
2497	19
2498	11
2499	18
2500	13
2501	10
2502	21
2503	16
2504	10
2505	16
2506	14
2507	22
2508	11
2509	11
2510	13
2511	20
2512	10
2513	14
2514	14
2515	21
2516	12
2517	11
2518	11
2519	6
2520	19
2521	18
2522	16
2523	16
2524	13
2525	15
2526	17
2527	14
2528	22
2529	17
2530	7
2531	24
2532	13
2533	18
2534	19
2535	17
2536	12
2537	13
2538	14
2539	18
2540	14
2541	15
2542	15
2543	12
2544	13
2545	17
2546	10
2547	12
2548	20
2549	10
2550	17
2551	17
2552	21
2553	17
2554	16
2555	10
2556	15
2557	12
2558	21
2559	19
2560	20
2561	13
2562	18
2563	14
2564	7
2565	9
2566	17
2567	8
2568	13
2569	10
2570	16
2571	11
2572	9
2573	17
2574	15
2575	15
2576	10
2577	13
2578	9
2579	14
2580	10
2581	12
2582	16
2583	16
2584	15
2585	17
2586	11
2587	17
2588	18
2589	13
2590	11
2591	13
2592	14
2593	11
2594	15
2595	14
2596	18
2597	14
2598	12
2599	12
2600	14
2601	11
2602	15
2603	21
2604	14
2605	22
2606	12
2607	17
2608	13
2609	13
2610	15
2611	15
2612	15
2613	15
2614	12
2615	19
2616	12
2617	19
2618	16
2619	12
2620	15
2621	8
2622	13
2623	17
2624	15
2625	15
2626	17
2627	10
2628	15
2629	15
2630	13
2631	13
2632	16
2633	15
2634	14
2635	18
2636	14
2637	7
2638	15
2639	14
2640	16
2641	13
2642	7
2643	14
2644	13
2645	14
2646	11
2647	11
2648	14
2649	17
2650	15
2651	14
2652	8
2653	14
2654	17
2655	17
2656	24
2657	10
2658	14
2659	20
2660	6
2661	12
2662	16
2663	16
2664	13
2665	13
2666	18
2667	21
2668	8
2669	13
2670	14
2671	17
2672	17
2673	13
2674	12
2675	16
2676	17
2677	13
2678	17
2679	9
2680	12
2681	10
2682	18
2683	14
2684	12
2685	12
2686	11
2687	13
2688	8
2689	13
2690	14
2691	11
2692	10
2693	15
2694	7
2695	11
2696	16
2697	19
2698	11
2699	8
2700	19
2701	13
2702	7
2703	9
2704	14
2705	16
2706	15
2707	17
2708	17
2709	14
2710	13
2711	13
2712	17
2713	12
2714	22
2715	13
2716	10
2717	16
2718	18
2719	12
2720	6
2721	17
2722	9
2723	14
2724	12
2725	9
2726	12
2727	10
2728	10
2729	14
2730	15
2731	13
2732	7
2733	9
2734	9
2735	14
2736	15
2737	8
2738	13
2739	15
2740	15
2741	11
2742	11
2743	16
2744	13
2745	11
2746	12
2747	12
2748	17
2749	11
2750	12
2751	14
2752	16
2753	10
2754	14
2755	10
2756	13
2757	14
2758	10
2759	10
2760	9
2761	14
2762	8
2763	12
2764	9
2765	13
2766	15
2767	9
2768	10
2769	11
2770	9
2771	14
2772	11
2773	12
2774	16
2775	12
2776	12
2777	12
2778	12
2779	23
2780	11
2781	8
2782	16
2783	8
2784	16
2785	14
2786	16
2787	14
2788	8
2789	13
2790	14
2791	12
2792	18
2793	19
2794	13
2795	7
2796	18
2797	11
2798	9
2799	10
2800	11
2801	11
2802	12
2803	8
2804	15
2805	9
2806	10
2807	16
2808	9
2809	14
2810	23
2811	8
2812	17
2813	12
2814	8
2815	16
2816	14
2817	7
2818	15
2819	11
2820	11
2821	7
2822	12
2823	12
2824	15
2825	17
2826	13
2827	12
2828	16
2829	14
2830	8
2831	13
2832	18
2833	7
2834	14
2835	21
2836	7
2837	10
2838	12
2839	16
2840	14
2841	12
2842	14
2843	13
2844	19
2845	17
2846	10
2847	11
2848	20
2849	14
2850	13
2851	10
2852	15
2853	12
2854	12
2855	11
2856	9
2857	11
2858	8
2859	17
2860	14
2861	12
2862	11
2863	12
2864	12
2865	20
2866	9
2867	12
2868	12
2869	8
2870	15
2871	13
2872	19
2873	6
2874	17
2875	10
2876	20
2877	12
2878	12
2879	11
2880	9
2881	12
2882	13
2883	14
2884	10
2885	10
2886	17
2887	8
2888	12
2889	11
2890	13
2891	12
2892	19
2893	9
2894	11
2895	13
2896	16
2897	15
2898	6
2899	11
2900	17
2901	11
2902	17
2903	11
2904	12
2905	16
2906	15
2907	10
2908	12
2909	9
2910	11
2911	9
2912	10
2913	8
2914	4
2915	11
2916	16
2917	17
2918	14
2919	9
2920	9
2921	11
2922	7
2923	10
2924	10
2925	14
2926	18
2927	15
2928	12
2929	6
2930	7
2931	10
2932	9
2933	10
2934	10
2935	10
2936	14
2937	10
2938	12
2939	9
2940	14
2941	13
2942	10
2943	16
2944	16
2945	13
2946	14
2947	9
2948	16
2949	9
2950	9
2951	13
2952	8
2953	12
2954	7
2955	17
2956	13
2957	12
2958	12
2959	18
2960	10
2961	15
2962	11
2963	13
2964	11
2965	14
2966	13
2967	9
2968	16
2969	19
2970	20
2971	15
2972	8
2973	9
2974	9
2975	19
2976	12
2977	10
2978	7
2979	12
2980	19
2981	8
2982	14
2983	17
2984	9
2985	9
2986	8
2987	10
2988	14
2989	14
2990	10
2991	15
2992	21
2993	12
2994	7
2995	10
2996	17
2997	9
2998	12
2999	12
3000	10
3001	9
3002	8
3003	14
3004	6
3005	6
3006	9
3007	13
3008	9
3009	10
3010	10
3011	18
3012	21
3013	13
3014	8
3015	9
3016	7
3017	12
3018	11
3019	13
3020	14
3021	9
3022	10
3023	7
3024	8
3025	10
3026	14
3027	12
3028	16
3029	14
3030	8
3031	6
3032	6
3033	9
3034	11
3035	14
3036	11
3037	16
3038	16
3039	16
3040	13
3041	10
3042	15
3043	8
3044	8
3045	6
3046	11
3047	15
3048	11
3049	12
3050	9
3051	10
3052	14
3053	14
3054	13
3055	15
3056	9
3057	9
3058	15
3059	9
3060	17
3061	12
3062	12
3063	16
3064	9
3065	16
3066	16
3067	15
3068	10
3069	7
3070	11
3071	9
3072	12
3073	13
3074	15
3075	20
3076	15
3077	9
3078	9
3079	11
3080	7
3081	11
3082	18
3083	11
3084	11
3085	10
3086	12
3087	8
3088	15
3089	13
3090	9
3091	8
3092	15
3093	11
3094	5
3095	7
3096	15
3097	9
3098	9
3099	7
3100	8
3101	6
3102	10
3103	9
3104	5
3105	7
3106	15
3107	15
3108	11
3109	8
3110	14
3111	8
3112	13
3113	14
3114	13
3115	9
3116	15
3117	10
3118	5
3119	16
3120	12
3121	8
3122	11
3123	8
3124	10
3125	13
3126	12
3127	11
3128	6
3129	15
3130	9
3131	12
3132	13
3133	8
3134	12
3135	11
3136	11
3137	5
3138	11
3139	16
3140	13
3141	10
3142	10
3143	19
3144	14
3145	9
3146	17
3147	12
3148	9
3149	6
3150	4
3151	7
3152	14
3153	10
3154	8
3155	11
3156	15
3157	6
3158	12
3159	9
3160	16
3161	16
3162	13
3163	10
3164	10
3165	11
3166	13
3167	10
3168	7
3169	14
3170	8
3171	10
3172	10
3173	9
3174	8
3175	7
3176	8
3177	8
3178	17
3179	6
3180	6
3181	11
3182	10
3183	11
3184	7
3185	8
3186	7
3187	11
3188	15
3189	10
3190	10
3191	11
3192	13
3193	12
3194	14
3195	13
3196	5
3197	10
3198	10
3199	19
3200	11
3201	20
3202	10
3203	10
3204	13
3205	7
3206	9
3207	10
3208	7
3209	11
3210	11
3211	13
3212	10
3213	15
3214	13
3215	5
3216	12
3217	10
3218	9
3219	13
3220	11
3221	8
3222	10
3223	9
3224	12
3225	4
3226	18
3227	15
3228	15
3229	8
3230	15
3231	13
3232	10
3233	7
3234	6
3235	12
3236	4
3237	9
3238	14
3239	8
3240	11
3241	10
3242	11
3243	10
3244	12
3245	14
3246	5
3247	13
3248	11
3249	6
3250	9
3251	3
3252	15
3253	5
3254	8
3255	13
3256	9
3257	13
3258	11
3259	9
3260	10
3261	8
3262	18
3263	12
3264	9
3265	12
3266	4
3267	8
3268	11
3269	4
3270	10
3271	10
3272	9
3273	6
3274	5
3275	10
3276	11
3277	13
3278	11
3279	15
3280	12
3281	12
3282	13
3283	16
3284	15
3285	11
3286	10
3287	11
3288	12
3289	20
3290	14
3291	11
3292	11
3293	9
3294	12
3295	7
3296	7
3297	10
3298	12
3299	6
3300	6
3301	10
3302	9
3303	10
3304	8
3305	11
3306	15
3307	14
3308	9
3309	10
3310	7
3311	11
3312	12
3313	11
3314	13
3315	10
3316	14
3317	13
3318	7
3319	12
3320	12
3321	7
3322	10
3323	11
3324	12
3325	9
3326	11
3327	10
3328	11
3329	12
3330	11
3331	11
3332	17
3333	9
3334	12
3335	11
3336	11
3337	3
3338	8
3339	12
3340	13
3341	10
3342	12
3343	7
3344	11
3345	6
3346	11
3347	13
3348	10
3349	13
3350	9
3351	10
3352	12
3353	11
3354	12
3355	12
3356	9
3357	15
3358	9
3359	10
3360	7
3361	7
3362	9
3363	10
3364	14
3365	7
3366	16
3367	5
3368	13
3369	9
3370	5
3371	5
3372	7
3373	5
3374	5
3375	14
3376	8
3377	7
3378	7
3379	7
3380	7
3381	7
3382	7
3383	6
3384	8
3385	9
3386	13
3387	14
3388	6
3389	7
3390	4
3391	12
3392	11
3393	11
3394	14
3395	14
3396	9
3397	12
3398	6
3399	7
3400	8
3401	10
3402	0
3403	14
3404	12
3405	6
3406	10
3407	12
3408	8
3409	4
3410	14
3411	13
3412	8
3413	15
3414	10
3415	12
3416	6
3417	10
3418	4
3419	3
3420	8
3421	5
3422	7
3423	11
3424	14
3425	11
3426	10
3427	6
3428	11
3429	5
3430	8
3431	8
3432	12
3433	7
3434	13
3435	11
3436	5
3437	12
3438	9
3439	18
3440	11
3441	6
3442	9
3443	6
3444	7
3445	11
3446	15
3447	10
3448	17
3449	10
3450	6
3451	10
3452	10
3453	9
3454	7
3455	9
3456	11
3457	10
3458	4
3459	7
3460	11
3461	12
3462	9
3463	11
3464	6
3465	9
3466	9
3467	10
3468	4
3469	12
3470	8
3471	8
3472	14
3473	18
3474	9
3475	13
3476	15
3477	10
3478	10
3479	9
3480	7
3481	7
3482	12
3483	10
3484	8
3485	7
3486	4
3487	9
3488	12
3489	13
3490	6
3491	6
3492	6
3493	7
3494	7
3495	7
3496	6
3497	10
3498	8
3499	11
3500	10
3501	6
3502	9
3503	11
3504	8
3505	10
3506	10
3507	8
3508	7
3509	12
3510	10
3511	3
3512	8
3513	9
3514	9
3515	8
3516	8
3517	9
3518	13
3519	11
3520	14
3521	6
3522	6
3523	12
3524	5
3525	7
3526	2
3527	7
3528	8
3529	19
3530	9
3531	9
3532	9
3533	8
3534	5
3535	10
3536	8
3537	6
3538	6
3539	8
3540	3
3541	7
3542	3
3543	9
3544	11
3545	10
3546	6
3547	14
3548	5
3549	11
3550	9
3551	9
3552	6
3553	5
3554	3
3555	10
3556	12
3557	16
3558	14
3559	9
3560	9
3561	8
3562	9
3563	10
3564	12
3565	9
3566	5
3567	9
3568	10
3569	10
3570	9
3571	7
3572	7
3573	12
3574	8
3575	11
3576	7
3577	8
3578	10
3579	5
3580	12
3581	4
3582	3
3583	9
3584	8
3585	6
3586	6
3587	7
3588	11
3589	8
3590	9
3591	8
3592	12
3593	13
3594	11
3595	9
3596	8
3597	4
3598	7
3599	7
3600	3
3601	6
3602	7
3603	11
3604	12
3605	9
3606	8
3607	11
3608	8
3609	7
3610	7
3611	8
3612	12
3613	5
3614	8
3615	5
3616	7
3617	12
3618	11
3619	5
3620	5
3621	7
3622	6
3623	13
3624	8
3625	9
3626	13
3627	7
3628	12
3629	11
3630	7
3631	6
3632	12
3633	8
3634	9
3635	6
3636	6
3637	12
3638	12
3639	7
3640	6
3641	6
3642	7
3643	6
3644	5
3645	5
3646	6
3647	11
3648	10
3649	10
3650	5
3651	4
3652	10
3653	10
3654	6
3655	9
3656	2
3657	6
3658	7
3659	9
3660	11
3661	13
3662	11
3663	7
3664	5
3665	9
3666	8
3667	12
3668	11
3669	8
3670	9
3671	8
3672	6
3673	8
3674	11
3675	7
3676	7
3677	9
3678	6
3679	4
3680	12
3681	7
3682	12
3683	7
3684	6
3685	10
3686	7
3687	12
3688	9
3689	5
3690	6
3691	5
3692	6
3693	6
3694	7
3695	2
3696	5
3697	6
3698	8
3699	6
3700	4
3701	9
3702	13
3703	9
3704	6
3705	6
3706	7
3707	6
3708	13
3709	12
3710	8
3711	13
3712	10
3713	12
3714	14
3715	6
3716	5
3717	11
3718	8
3719	7
3720	9
3721	5
3722	1
3723	4
3724	13
3725	9
3726	6
3727	15
3728	6
3729	10
3730	10
3731	9
3732	4
3733	6
3734	8
3735	8
3736	4
3737	8
3738	11
3739	7
3740	9
3741	5
3742	5
3743	6
3744	4
3745	6
3746	7
3747	6
3748	8
3749	2
3750	8
3751	9
3752	6
3753	11
3754	5
3755	6
3756	8
3757	10
3758	12
3759	6
3760	7
3761	7
3762	10
3763	5
3764	9
3765	6
3766	10
3767	12
3768	9
3769	13
3770	7
3771	3
3772	8
3773	4
3774	4
3775	7
3776	7
3777	6
3778	7
3779	15
3780	10
3781	8
3782	5
3783	8
3784	7
3785	9
3786	10
3787	6
3788	13
3789	6
3790	7
3791	8
3792	6
3793	3
3794	2
3795	5
3796	6
3797	7
3798	5
3799	11
3800	11
3801	4
3802	8
3803	8
3804	9
3805	12
3806	10
3807	8
3808	6
3809	10
3810	6
3811	5
3812	8
3813	6
3814	9
3815	13
3816	10
3817	9
3818	8
3819	8
3820	9
3821	8
3822	8
3823	8
3824	4
3825	8
3826	11
3827	10
3828	7
3829	7
3830	3
3831	10
3832	6
3833	8
3834	9
3835	8
3836	5
3837	11
3838	8
3839	7
3840	6
3841	12
3842	6
3843	8
3844	15
3845	8
3846	2
3847	8
3848	4
3849	4
3850	9
3851	10
3852	6
3853	4
3854	11
3855	8
3856	11
3857	5
3858	3
3859	6
3860	5
3861	5
3862	6
3863	5
3864	13
3865	10
3866	6
3867	5
3868	9
3869	13
3870	10
3871	1
3872	6
3873	15
3874	9
3875	8
3876	11
3877	3
3878	5
3879	8
3880	8
3881	14
3882	10
3883	5
3884	8
3885	7
3886	8
3887	8
3888	9
3889	6
3890	5
3891	4
3892	7
3893	4
3894	4
3895	3
3896	8
3897	8
3898	6
3899	2
3900	6
3901	9
3902	7
3903	7
3904	10
3905	5
3906	6
3907	6
3908	5
3909	5
3910	9
3911	7
3912	9
3913	6
3914	8
3915	9
3916	6
3917	7
3918	6
3919	11
3920	7
3921	6
3922	6
3923	6
3924	6
3925	10
3926	8
3927	9
3928	4
3929	6
3930	5
3931	5
3932	5
3933	8
3934	7
3935	8
3936	7
3937	5
3938	8
3939	8
3940	6
3941	9
3942	6
3943	4
3944	7
3945	13
3946	4
3947	9
3948	7
3949	6
3950	4
3951	6
3952	3
3953	15
3954	11
3955	9
3956	9
3957	10
3958	7
3959	6
3960	2
3961	6
3962	7
3963	7
3964	6
3965	3
3966	5
3967	5
3968	3
3969	8
3970	5
3971	7
3972	6
3973	10
3974	4
3975	8
3976	10
3977	5
3978	5
3979	5
3980	6
3981	5
3982	7
3983	12
3984	3
3985	12
3986	8
3987	2
3988	6
3989	9
3990	6
3991	6
3992	11
3993	7
3994	5
3995	11
3996	2
3997	5
3998	6
3999	6
4000	7
4001	5
4002	5
4003	3
4004	3
4005	6
4006	4
4007	9
4008	5
4009	8
4010	8
4011	8
4012	5
4013	6
4014	8
4015	8
4016	3
4017	6
4018	3
4019	9
4020	3
4021	5
4022	4
4023	3
4024	7
4025	8
4026	11
4027	3
4028	9
4029	6
4030	8
4031	9
4032	3
4033	7
4034	8
4035	7
4036	6
4037	5
4038	3
4039	3
4040	10
4041	4
4042	4
4043	5
4044	7
4045	10
4046	4
4047	10
4048	7
4049	5
4050	5
4051	7
4052	6
4053	7
4054	6
4055	4
4056	7
4057	11
4058	5
4059	3
4060	4
4061	6
4062	7
4063	4
4064	5
4065	5
4066	6
4067	8
4068	5
4069	3
4070	9
4071	4
4072	4
4073	8
4074	5
4075	8
4076	3
4077	3
4078	6
4079	6
4080	3
4081	3
4082	3
4083	10
4084	3
4085	9
4086	8
4087	7
4088	10
4089	6
4090	8
4091	5
4092	7
4093	1
4094	4
4095	3
4096	8
4097	6
4098	5
4099	3
4100	7
4101	6
4102	2
4103	4
4104	4
4105	5
4106	5
4107	2
4108	11
4109	8
4110	5
4111	7
4112	5
4113	5
4114	11
4115	3
4116	2
4117	4
4118	3
4119	5
4120	4
4121	2
4122	4
4123	4
4124	7
4125	4
4126	10
4127	3
4128	6
4129	4
4130	5
4131	6
4132	9
4133	6
4134	3
4135	5
4136	5
4137	8
4138	7
4139	7
4140	5
4141	7
4142	4
4143	7
4144	5
4145	5
4146	4
4147	5
4148	5
4149	5
4150	3
4151	1
4152	3
4153	5
4154	11
4155	6
4156	8
4157	3
4158	7
4159	9
4160	7
4161	8
4162	3
4163	5
4164	6
4165	5
4166	10
4167	3
4168	5
4169	1
4170	5
4171	9
4172	7
4173	9
4174	5
4175	6
4176	7
4177	5
4178	7
4179	4
4180	5
4181	6
4182	11
4183	4
4184	7
4185	7
4186	6
4187	6
4188	6
4189	1
4190	6
4191	5
4192	7
4193	9
4194	8
4195	4
4196	3
4197	8
4198	6
4199	5
4200	4
4201	10
4202	4
4203	4
4204	7
4205	4
4206	3
4207	6
4208	6
4209	6
4210	3
4211	3
4212	7
4213	6
4214	4
4215	2
4216	6
4217	3
4218	7
4219	5
4220	4
4221	7
4222	2
4223	4
4224	6
4225	8
4226	3
4227	5
4228	7
4229	4
4230	5
4231	4
4232	7
4233	6
4234	7
4235	3
4236	4
4237	0
4238	11
4239	6
4240	6
4241	6
4242	4
4243	7
4244	3
4245	6
4246	3
4247	3
4248	6
4249	2
4250	6
4251	5
4252	4
4253	7
4254	4
4255	3
4256	3
4257	7
4258	5
4259	9
4260	2
4261	4
4262	6
4263	5
4264	3
4265	6
4266	7
4267	7
4268	4
4269	4
4270	8
4271	4
4272	6
4273	3
4274	4
4275	1
4276	8
4277	4
4278	3
4279	2
4280	9
4281	2
4282	7
4283	4
4284	6
4285	5
4286	6
4287	6
4288	3
4289	6
4290	5
4291	9
4292	7
4293	7
4294	2
4295	4
4296	6
4297	5
4298	4
4299	5
4300	2
4301	2
4302	2
4303	6
4304	5
4305	4
4306	4
4307	4
4308	4
4309	6
4310	8
4311	7
4312	7
4313	9
4314	3
4315	4
4316	3
4317	2
4318	6
4319	5
4320	4
4321	8
4322	8
4323	3
4324	5
4325	3
4326	1
4327	3
4328	9
4329	5
4330	8
4331	6
4332	6
4333	1
4334	4
4335	5
4336	4
4337	5
4338	8
4339	5
4340	7
4341	7
4342	5
4343	5
4344	5
4345	5
4346	10
4347	2
4348	9
4349	7
4350	3
4351	3
4352	6
4353	4
4354	1
4355	5
4356	8
4357	6
4358	3
4359	3
4360	6
4361	3
4362	6
4363	4
4364	7
4365	2
4366	8
4367	3
4368	6
4369	2
4370	2
4371	6
4372	2
4373	6
4374	5
4375	7
4376	8
4377	5
4378	1
4379	7
4380	7
4381	3
4382	4
4383	2
4384	3
4385	3
4386	7
4387	3
4388	7
4389	6
4390	3
4391	11
4392	6
4393	5
4394	6
4395	10
4396	4
4397	7
4398	2
4399	5
4400	5
4401	6
4402	4
4403	6
4404	4
4405	6
4406	5
4407	6
4408	4
4409	2
4410	7
4411	4
4412	3
4413	5
4414	2
4415	2
4416	6
4417	4
4418	3
4419	6
4420	3
4421	2
4422	2
4423	2
4424	3
4425	7
4426	5
4427	3
4428	1
4429	7
4430	7
4431	2
4432	6
4433	5
4434	3
4435	4
4436	4
4437	5
4438	5
4439	3
4440	7
4441	2
4442	6
4443	0
4444	1
4445	3
4446	6
4447	1
4448	6
4449	4
4450	5
4451	5
4452	7
4453	6
4454	5
4455	1
4456	6
4457	4
4458	4
4459	1
4460	6
4461	4
4462	4
4463	4
4464	1
4465	4
4466	4
4467	6
4468	7
4469	4
4470	3
4471	4
4472	4
4473	4
4474	2
4475	5
4476	1
4477	3
4478	5
4479	8
4480	6
4481	7
4482	4
4483	8
4484	3
4485	6
4486	8
4487	1
4488	4
4489	4
4490	6
4491	3
4492	5
4493	2
4494	2
4495	2
4496	2
4497	5
4498	5
4499	4
4500	0
4501	4
4502	3
4503	3
4504	3
4505	10
4506	5
4507	2
4508	2
4509	3
4510	4
4511	3
4512	5
4513	4
4514	1
4515	6
4516	2
4517	4
4518	5
4519	3
4520	4
4521	5
4522	3
4523	2
4524	2
4525	4
4526	4
4527	3
4528	7
4529	4
4530	4
4531	5
4532	8
4533	3
4534	4
4535	3
4536	7
4537	4
4538	5
4539	4
4540	1
4541	3
4542	1
4543	4
4544	6
4545	5
4546	4
4547	3
4548	4
4549	5
4550	5
4551	3
4552	3
4553	6
4554	5
4555	2
4556	3
4557	5
4558	5
4559	6
4560	5
4561	1
4562	3
4563	2
4564	1
4565	5
4566	5
4567	1
4568	4
4569	3
4570	7
4571	3
4572	6
4573	2
4574	5
4575	5
4576	3
4577	3
4578	3
4579	2
4580	4
4581	5
4582	6
4583	2
4584	1
4585	2
4586	6
4587	7
4588	2
4589	5
4590	4
4591	2
4592	5
4593	4
4594	5
4595	2
4596	4
4597	6
4598	3
4599	3
4600	3
4601	1
4602	3
4603	2
4604	4
4605	6
4606	8
4607	2
4608	6
4609	7
4610	3
4611	5
4612	6
4613	4
4614	2
4615	3
4616	3
4617	2
4618	5
4619	4
4620	2
4621	5
4622	5
4623	7
4624	4
4625	3
4626	0
4627	4
4628	3
4629	2
4630	5
4631	3
4632	6
4633	3
4634	5
4635	2
4636	5
4637	5
4638	3
4639	5
4640	6
4641	4
4642	5
4643	4
4644	5
4645	3
4646	1
4647	7
4648	5
4649	4
4650	4
4651	2
4652	3
4653	2
4654	4
4655	2
4656	2
4657	4
4658	6
4659	3
4660	4
4661	4
4662	3
4663	4
4664	3
4665	2
4666	4
4667	5
4668	3
4669	2
4670	1
4671	4
4672	3
4673	4
4674	3
4675	3
4676	2
4677	2
4678	3
4679	5
4680	6
4681	5
4682	1
4683	5
4684	6
4685	3
4686	1
4687	2
4688	2
4689	4
4690	6
4691	6
4692	4
4693	6
4694	2
4695	3
4696	3
4697	3
4698	3
4699	1
4700	6
4701	8
4702	3
4703	2
4704	3
4705	1
4706	6
4707	2
4708	6
4709	2
4710	2
4711	2
4712	5
4713	1
4714	5
4715	3
4716	5
4717	7
4718	1
4719	3
4720	3
4721	1
4722	4
4723	4
4724	8
4725	2
4726	2
4727	3
4728	5
4729	1
4730	3
4731	3
4732	3
4733	6
4734	6
4735	2
4736	4
4737	3
4738	3
4739	8
4740	8
4741	2
4742	3
4743	4
4744	5
4745	4
4746	7
4747	0
4748	1
4749	1
4750	4
4751	2
4752	2
4753	2
4754	1
4755	8
4756	3
4757	5
4758	4
4759	3
4760	1
4761	3
4762	5
4763	7
4764	2
4765	4
4766	4
4767	5
4768	4
4769	2
4770	3
4771	4
4772	2
4773	2
4774	3
4775	2
4776	1
4777	1
4778	2
4779	2
4780	3
4781	4
4782	4
4783	5
4784	4
4785	8
4786	4
4787	3
4788	6
4789	8
4790	4
4791	3
4792	5
4793	1
4794	6
4795	1
4796	5
4797	4
4798	1
4799	1
4800	3
4801	2
4802	1
4803	4
4804	1
4805	3
4806	4
4807	4
4808	2
4809	2
4810	5
4811	4
4812	2
4813	5
4814	1
4815	3
4816	3
4817	2
4818	3
4819	6
4820	2
4821	3
4822	3
4823	3
4824	3
4825	3
4826	3
4827	1
4828	4
4829	3
4830	3
4831	2
4832	2
4833	1
4834	3
4835	6
4836	6
4837	0
4838	2
4839	2
4840	4
4841	3
4842	4
4843	1
4844	6
4845	3
4846	6
4847	3
4848	4
4849	2
4850	5
4851	5
4852	4
4853	2
4854	2
4855	2
4856	3
4857	2
4858	2
4859	0
4860	0
4861	4
4862	0
4863	6
4864	4
4865	3
4866	2
4867	2
4868	2
4869	3
4870	2
4871	1
4872	2
4873	3
4874	1
4875	3
4876	2
4877	5
4878	1
4879	1
4880	2
4881	2
4882	5
4883	2
4884	3
4885	1
4886	3
4887	6
4888	2
4889	3
4890	0
4891	4
4892	2
4893	2
4894	2
4895	0
4896	4
4897	3
4898	1
4899	4
4900	4
4901	1
4902	4
4903	3
4904	5
4905	7
4906	1
4907	2
4908	3
4909	1
4910	4
4911	0
4912	1
4913	5
4914	4
4915	4
4916	5
4917	3
4918	4
4919	4
4920	4
4921	4
4922	2
4923	2
4924	3
4925	4
4926	1
4927	3
4928	4
4929	2
4930	5
4931	4
4932	1
4933	1
4934	4
4935	4
4936	3
4937	2
4938	3
4939	4
4940	1
4941	3
4942	1
4943	0
4944	4
4945	6
4946	2
4947	2
4948	4
4949	1
4950	3
4951	3
4952	5
4953	1
4954	3
4955	2
4956	1
4957	4
4958	3
4959	1
4960	3
4961	1
4962	5
4963	1
4964	1
4965	2
4966	3
4967	1
4968	4
4969	3
4970	0
4971	1
4972	4
4973	2
4974	4
4975	4
4976	3
4977	3
4978	3
4979	0
4980	2
4981	1
4982	1
4983	1
4984	4
4985	2
4986	2
4987	5
4988	2
4989	0
4990	7
4991	3
4992	7
4993	2
4994	3
4995	0
4996	1
4997	1
4998	2
4999	2
5000	3
5001	1
5002	2
5003	2
5004	2
5005	3
5006	3
5007	0
5008	0
5009	6
5010	0
5011	1
5012	3
5013	5
5014	2
5015	0
5016	3
5017	2
5018	3
5019	4
5020	1
5021	1
5022	5
5023	5
5024	1
5025	2
5026	2
5027	3
5028	2
5029	1
5030	3
5031	0
5032	1
5033	2
5034	2
5035	2
5036	1
5037	4
5038	4
5039	3
5040	0
5041	2
5042	1
5043	2
5044	8
5045	1
5046	0
5047	2
5048	3
5049	4
5050	3
5051	4
5052	2
5053	5
5054	4
5055	1
5056	4
5057	2
5058	1
5059	6
5060	0
5061	6
5062	2
5063	4
5064	4
5065	4
5066	2
5067	8
5068	2
5069	4
5070	4
5071	4
5072	4
5073	4
5074	3
5075	3
5076	5
5077	3
5078	3
5079	3
5080	2
5081	2
5082	2
5083	3
5084	3
5085	5
5086	5
5087	1
5088	2
5089	1
5090	3
5091	3
5092	6
5093	1
5094	4
5095	1
5096	1
5097	3
5098	4
5099	3
5100	4
5101	0
5102	0
5103	6
5104	2
5105	1
5106	2
5107	3
5108	3
5109	1
5110	3
5111	2
5112	2
5113	1
5114	4
5115	2
5116	2
5117	2
5118	0
5119	1
5120	1
5121	2
5122	1
5123	1
5124	1
5125	3
5126	4
5127	1
5128	3
5129	4
5130	0
5131	2
5132	1
5133	2
5134	2
5135	1
5136	3
5137	3
5138	4
5139	2
5140	2
5141	3
5142	1
5143	5
5144	0
5145	0
5146	1
5147	1
5148	1
5149	2
5150	0
5151	3
5152	2
5153	1
5154	1
5155	1
5156	1
5157	2
5158	1
5159	2
5160	1
5161	2
5162	2
5163	3
5164	3
5165	4
5166	3
5167	3
5168	1
5169	0
5170	3
5171	2
5172	2
5173	3
5174	3
5175	3
5176	6
5177	4
5178	2
5179	2
5180	5
5181	4
5182	1
5183	1
5184	3
5185	2
5186	2
5187	2
5188	1
5189	3
5190	1
5191	1
5192	3
5193	2
5194	2
5195	2
5196	4
5197	2
5198	2
5199	4
5200	1
5201	3
5202	3
5203	2
5204	2
5205	2
5206	4
5207	3
5208	2
5209	2
5210	1
5211	3
5212	1
5213	1
5214	2
5215	3
5216	2
5217	2
5218	5
5219	3
5220	1
5221	0
5222	1
5223	2
5224	1
5225	2
5226	2
5227	4
5228	1
5229	2
5230	2
5231	4
5232	1
5233	5
5234	2
5235	1
5236	2
5237	2
5238	5
5239	2
5240	1
5241	2
5242	0
5243	1
5244	3
5245	1
5246	3
5247	1
5248	2
5249	1
5250	3
5251	1
5252	3
5253	0
5254	3
5255	6
5256	4
5257	2
5258	0
5259	3
5260	1
5261	1
5262	0
5263	4
5264	1
5265	2
5266	1
5267	0
5268	2
5269	3
5270	4
5271	2
5272	2
5273	1
5274	1
5275	1
5276	1
5277	0
5278	3
5279	2
5280	0
5281	2
5282	2
5283	2
5284	3
5285	0
5286	1
5287	2
5288	3
5289	0
5290	2
5291	3
5292	4
5293	0
5294	1
5295	3
5296	1
5297	2
5298	2
5299	1
5300	1
5301	2
5302	2
5303	4
5304	0
5305	1
5306	0
5307	2
5308	1
5309	0
5310	1
5311	2
5312	4
5313	1
5314	4
5315	3
5316	2
5317	2
5318	3
5319	4
5320	6
5321	1
5322	1
5323	2
5324	3
5325	0
5326	3
5327	2
5328	2
5329	2
5330	1
5331	3
5332	1
5333	1
5334	3
5335	4
5336	2
5337	3
5338	1
5339	4
5340	1
5341	1
5342	1
5343	3
5344	1
5345	2
5346	0
5347	1
5348	2
5349	0
5350	2
5351	2
5352	0
5353	2
5354	1
5355	2
5356	1
5357	3
5358	0
5359	3
5360	0
5361	0
5362	3
5363	0
5364	1
5365	2
5366	1
5367	1
5368	2
5369	2
5370	2
5371	1
5372	3
5373	3
5374	0
5375	1
5376	0
5377	3
5378	1
5379	1
5380	1
5381	1
5382	2
5383	1
5384	7
5385	1
5386	1
5387	3
5388	1
5389	3
5390	4
5391	1
5392	1
5393	1
5394	5
5395	3
5396	1
5397	3
5398	2
5399	2
5400	2
5401	1
5402	2
5403	0
5404	2
5405	2
5406	1
5407	1
5408	0
5409	2
5410	1
5411	4
5412	1
5413	2
5414	1
5415	1
5416	2
5417	4
5418	2
5419	0
5420	1
5421	0
5422	1
5423	1
5424	4
5425	4
5426	2
5427	1
5428	1
5429	0
5430	1
5431	2
5432	0
5433	0
5434	2
5435	2
5436	2
5437	1
5438	2
5439	2
5440	0
5441	3
5442	1
5443	0
5444	0
5445	2
5446	2
5447	3
5448	2
5449	1
5450	2
5451	2
5452	3
5453	2
5454	1
5455	3
5456	2
5457	1
5458	5
5459	2
5460	2
5461	2
5462	1
5463	0
5464	1
5465	0
5466	2
5467	2
5468	1
5469	1
5470	0
5471	2
5472	2
5473	2
5474	3
5475	1
5476	1
5477	1
5478	0
5479	1
5480	1
5481	0
5482	1
5483	5
5484	0
5485	0
5486	1
5487	0
5488	1
5489	1
5490	0
5491	4
5492	3
5493	2
5494	2
5495	0
5496	2
5497	3
5498	2
5499	1
5500	1
5501	2
5502	1
5503	2
5504	0
5505	4
5506	0
5507	3
5508	1
5509	2
5510	2
5511	1
5512	2
5513	0
5514	2
5515	3
5516	3
5517	1
5518	3
5519	1
5520	0
5521	2
5522	1
5523	1
5524	4
5525	0
5526	1
5527	5
5528	1
5529	2
5530	2
5531	0
5532	1
5533	3
5534	3
5535	2
5536	1
5537	0
5538	3
5539	0
5540	1
5541	0
5542	3
5543	1
5544	1
5545	1
5546	2
5547	1
5548	1
5549	1
5550	2
5551	0
5552	2
5553	1
5554	0
5555	1
5556	0
5557	0
5558	0
5559	3
5560	3
5561	0
5562	0
5563	3
5564	3
5565	3
5566	2
5567	2
5568	0
5569	0
5570	2
5571	2
5572	1
5573	1
5574	0
5575	2
5576	2
5577	1
5578	2
5579	1
5580	2
5581	2
5582	1
5583	2
5584	1
5585	1
5586	0
5587	0
5588	2
5589	4
5590	1
5591	0
5592	0
5593	1
5594	1
5595	3
5596	3
5597	0
5598	4
5599	1
5600	4
5601	0
5602	0
5603	0
5604	0
5605	0
5606	1
5607	0
5608	2
5609	3
5610	2
5611	3
5612	1
5613	2
5614	1
5615	0
5616	2
5617	0
5618	0
5619	4
5620	0
5621	1
5622	3
5623	0
5624	1
5625	0
5626	1
5627	0
5628	1
5629	1
5630	2
5631	0
5632	1
5633	1
5634	1
5635	2
5636	0
5637	2
5638	1
5639	2
5640	1
5641	2
5642	0
5643	0
5644	1
5645	1
5646	1
5647	1
5648	4
5649	1
5650	2
5651	1
5652	4
5653	2
5654	1
5655	0
5656	2
5657	2
5658	1
5659	1
5660	0
5661	1
5662	3
5663	1
5664	3
5665	1
5666	0
5667	1
5668	2
5669	1
5670	3
5671	0
5672	0
5673	0
5674	1
5675	2
5676	0
5677	1
5678	2
5679	0
5680	1
5681	2
5682	1
5683	1
5684	0
5685	0
5686	1
5687	4
5688	2
5689	0
5690	0
5691	1
5692	2
5693	1
5694	2
5695	2
5696	0
5697	1
5698	1
5699	1
5700	1
5701	3
5702	2
5703	1
5704	2
5705	0
5706	2
5707	0
5708	2
5709	4
5710	2
5711	1
5712	4
5713	1
5714	2
5715	0
5716	1
5717	1
5718	1
5719	1
5720	0
5721	1
5722	1
5723	1
5724	1
5725	1
5726	0
5727	2
5728	0
5729	1
5730	0
5731	0
5732	2
5733	1
5734	1
5735	0
5736	0
5737	0
5738	2
5739	2
5740	0
5741	1
5742	2
5743	0
5744	2
5745	0
5746	2
5747	1
5748	1
5749	2
5750	2
5751	1
5752	2
5753	1
5754	1
5755	3
5756	3
5757	0
5758	0
5759	2
5760	2
5761	1
5762	2
5763	1
5764	3
5765	1
5766	0
5767	0
5768	2
5769	0
5770	2
5771	0
5772	2
5773	0
5774	1
5775	1
5776	1
5777	3
5778	1
5779	3
5780	2
5781	1
5782	1
5783	0
5784	1
5785	0
5786	1
5787	0
5788	2
5789	0
5790	1
5791	0
5792	0
5793	3
5794	2
5795	1
5796	2
5797	1
5798	0
5799	2
5800	1
5801	0
5802	1
5803	2
5804	1
5805	2
5806	3
5807	1
5808	0
5809	3
5810	1
5811	2
5812	0
5813	1
5814	0
5815	1
5816	4
5817	1
5818	2
5819	4
5820	1
5821	0
5822	2
5823	1
5824	0
5825	3
5826	1
5827	1
5828	0
5829	0
5830	1
5831	1
5832	1
5833	1
5834	1
5835	0
5836	1
5837	1
5838	2
5839	1
5840	0
5841	4
5842	3
5843	3
5844	3
5845	0
5846	0
5847	1
5848	0
5849	0
5850	0
5851	2
5852	0
5853	0
5854	0
5855	2
5856	0
5857	1
5858	2
5859	0
5860	3
5861	1
5862	4
5863	0
5864	1
5865	2
5866	3
5867	1
5868	0
5869	3
5870	4
5871	0
5872	1
5873	0
5874	2
5875	0
5876	1
5877	1
5878	0
5879	2
5880	0
5881	1
5882	0
5883	0
5884	1
5885	1
5886	0
5887	3
5888	0
5889	1
5890	1
5891	0
5892	1
5893	1
5894	0
5895	2
5896	0
5897	1
5898	0
5899	0
5900	1
5901	1
5902	0
5903	1
5904	1
5905	0
5906	0
5907	1
5908	1
5909	1
5910	0
5911	0
5912	0
5913	1
5914	0
5915	1
5916	0
5917	1
5918	2
5919	0
5920	0
5921	1
5922	2
5923	0
5924	0
5925	1
5926	2
5927	0
5928	0
5929	3
5930	1
5931	0
5932	1
5933	1
5934	0
5935	1
5936	2
5937	2
5938	1
5939	1
5940	0
5941	1
5942	2
5943	2
5944	1
5945	0
5946	1
5947	1
5948	0
5949	0
5950	2
5951	0
5952	0
5953	0
5954	1
5955	0
5956	2
5957	3
5958	1
5959	0
5960	2
5961	1
5962	0
5963	1
5964	3
5965	1
5966	0
5967	1
5968	0
5969	1
5970	0
5971	2
5972	0
5973	1
5974	1
5975	0
5976	0
5977	0
5978	1
5979	1
5980	2
5981	0
5982	1
5983	0
5984	0
5985	0
5986	0
5987	1
5988	0
5989	4
5990	1
5991	0
5992	0
5993	1
5994	0
5995	0
5996	0
5997	1
5998	0
5999	1
6000	2
6001	1
6002	0
6003	0
6004	1
6005	0
6006	0
6007	1
6008	0
6009	0
6010	0
6011	0
6012	0
6013	1
6014	2
6015	0
6016	1
6017	0
6018	1
6019	1
6020	0
6021	0
6022	1
6023	2
6024	0
6025	1
6026	1
6027	0
6028	1
6029	1
6030	1
6031	1
6032	0
6033	0
6034	0
6035	0
6036	2
6037	0
6038	2
6039	2
6040	0
6041	0
6042	0
6043	0
6044	0
6045	0
6046	0
6047	0
6048	1
6049	2
6050	2
6051	0
6052	1
6053	1
6054	1
6055	1
6056	1
6057	1
6058	2
6059	0
6060	1
6061	0
6062	3
6063	1
6064	1
6065	0
6066	2
6067	0
6068	0
6069	1
6070	0
6071	3
6072	0
6073	0
6074	2
6075	0
6076	1
6077	1
6078	2
6079	0
6080	0
6081	0
6082	0
6083	1
6084	0
6085	2
6086	0
6087	0
6088	1
6089	1
6090	0
6091	0
6092	1
6093	0
6094	1
6095	0
6096	0
6097	1
6098	3
6099	0
6100	0
6101	0
6102	1
6103	1
6104	2
6105	0
6106	0
6107	2
6108	0
6109	0
6110	0
6111	2
6112	0
6113	0
6114	0
6115	1
6116	1
6117	0
6118	1
6119	0
6120	0
6121	1
6122	0
6123	0
6124	0
6125	0
6126	1
6127	0
6128	2
6129	0
6130	0
6131	1
6132	1
6133	3
6134	2
6135	1
6136	2
6137	0
6138	0
6139	1
6140	0
6141	1
6142	1
6143	2
6144	1
6145	2
6146	2
6147	0
6148	1
6149	0
6150	0
6151	0
6152	0
6153	0
6154	1
6155	1
6156	0
6157	0
6158	0
6159	0
6160	1
6161	0
6162	1
6163	0
6164	1
6165	1
6166	1
6167	0
6168	1
6169	0
6170	1
6171	0
6172	1
6173	0
6174	1
6175	0
6176	0
6177	0
6178	0
6179	1
6180	1
6181	0
6182	0
6183	0
6184	0
6185	0
6186	2
6187	0
6188	0
6189	0
6190	1
6191	2
6192	1
6193	1
6194	0
6195	0
6196	0
6197	0
6198	0
6199	2
6200	0
6201	0
6202	0
6203	0
6204	0
6205	0
6206	0
6207	1
6208	2
6209	0
6210	0
6211	2
6212	0
6213	1
6214	0
6215	2
6216	1
6217	1
6218	1
6219	1
6220	0
6221	1
6222	3
6223	2
6224	0
6225	0
6226	0
6227	1
6228	0
6229	0
6230	0
6231	0
6232	1
6233	0
6234	1
6235	2
6236	0
6237	3
6238	0
6239	0
6240	0
6241	1
6242	0
6243	0
6244	0
6245	0
6246	0
6247	0
6248	0
6249	0
6250	1
6251	0
6252	1
6253	1
6254	1
6255	1
6256	1
6257	1
6258	0
6259	1
6260	0
6261	2
6262	0
6263	1
6264	1
6265	2
6266	0
6267	0
6268	0
6269	0
6270	0
6271	1
6272	1
6273	1
6274	0
6275	0
6276	0
6277	1
6278	0
6279	1
6280	0
6281	0
6282	0
6283	0
6284	0
6285	0
6286	1
6287	0
6288	0
6289	2
6290	0
6291	1
6292	0
6293	2
6294	1
6295	0
6296	2
6297	1
6298	1
6299	1
6300	1
6301	1
6302	0
6303	1
6304	1
6305	2
6306	0
6307	0
6308	1
6309	0
6310	0
6311	0
6312	1
6313	0
6314	0
6315	0
6316	0
6317	1
6318	0
6319	1
6320	1
6321	0
6322	1
6323	1
6324	2
6325	0
6326	1
6327	0
6328	0
6329	0
6330	0
6331	0
6332	0
6333	0
6334	0
6335	1
6336	1
6337	0
6338	0
6339	0
6340	2
6341	0
6342	0
6343	1
6344	0
6345	1
6346	0
6347	0
6348	0
6349	1
6350	1
6351	0
6352	0
6353	0
6354	0
6355	1
6356	2
6357	1
6358	0
6359	0
6360	0
6361	0
6362	0
6363	0
6364	0
6365	0
6366	0
6367	2
6368	0
6369	1
6370	0
6371	0
6372	0
6373	0
6374	1
6375	0
6376	0
6377	1
6378	1
6379	3
6380	0
6381	0
6382	1
6383	0
6384	0
6385	0
6386	1
6387	0
6388	0
6389	0
6390	2
6391	1
6392	0
6393	0
6394	0
6395	0
6396	1
6397	1
6398	0
6399	1
6400	0
6401	0
6402	1
6403	0
6404	0
6405	0
6406	1
6407	0
6408	0
6409	2
6410	1
6411	0
6412	0
6413	1
6414	1
6415	1
6416	0
6417	1
6418	2
6419	2
6420	0
6421	1
6422	0
6423	1
6424	0
6425	0
6426	1
6427	0
6428	0
6429	1
6430	0
6431	1
6432	0
6433	1
6434	0
6435	0
6436	0
6437	0
6438	0
6439	0
6440	0
6441	0
6442	1
6443	1
6444	0
6445	0
6446	0
6447	1
6448	1
6449	0
6450	1
6451	1
6452	0
6453	0
6454	1
6455	1
6456	1
6457	0
6458	0
6459	0
6460	0
6461	1
6462	1
6463	0
6464	0
6465	0
6466	1
6467	0
6468	0
6469	3
6470	0
6471	0
6472	0
6473	1
6474	0
6475	0
6476	0
6477	1
6478	0
6479	1
6480	1
6481	0
6482	1
6483	0
6484	1
6485	0
6486	1
6487	0
6488	0
6489	1
6490	0
6491	0
6492	1
6493	0
6494	0
6495	0
6496	1
6497	1
6498	0
6499	1
6500	0
6501	2
6502	1
6503	0
6504	0
6505	0
6506	0
6507	1
6508	0
6509	0
6510	0
6511	0
6512	0
6513	0
6514	1
6515	1
6516	0
6517	1
6518	0
6519	2
6520	1
6521	0
6522	1
6523	2
6524	1
6525	1
6526	0
6527	0
6528	1
6529	0
6530	0
6531	0
6532	0
6533	1
6534	0
6535	0
6536	0
6537	0
6538	1
6539	0
6540	1
6541	0
6542	1
6543	0
6544	1
6545	1
6546	0
6547	1
6548	0
6549	0
6550	0
6551	0
6552	1
6553	0
6554	0
6555	0
6556	0
6557	0
6558	0
6559	1
6560	0
6561	0
6562	0
6563	0
6564	0
6565	0
6566	0
6567	1
6568	0
6569	0
6570	0
6571	0
6572	0
6573	0
6574	0
6575	0
6576	0
6577	0
6578	1
6579	0
6580	1
6581	0
6582	0
6583	1
6584	0
6585	1
6586	0
6587	1
6588	0
6589	0
6590	0
6591	0
6592	0
6593	0
6594	0
6595	2
6596	0
6597	1
6598	1
6599	0
6600	0
6601	0
6602	1
6603	0
6604	0
6605	0
6606	0
6607	0
6608	0
6609	0
6610	1
6611	0
6612	1
6613	0
6614	0
6615	0
6616	0
6617	0
6618	0
6619	0
6620	0
6621	1
6622	1
6623	1
6624	0
6625	0
6626	0
6627	0
6628	0
6629	1
6630	0
6631	0
6632	0
6633	0
6634	0
6635	0
6636	2
6637	0
6638	0
6639	0
6640	0
6641	0
6642	0
6643	0
6644	0
6645	0
6646	0
6647	0
6648	0
6649	0
6650	0
6651	0
6652	2
6653	1
6654	0
6655	0
6656	0
6657	0
6658	0
6659	1
6660	0
6661	0
6662	0
6663	0
6664	1
6665	0
6666	1
6667	0
6668	1
6669	0
6670	0
6671	0
6672	0
6673	1
6674	0
6675	0
6676	0
6677	0
6678	1
6679	0
6680	1
6681	0
6682	0
6683	0
6684	1
6685	0
6686	0
6687	0
6688	0
6689	1
6690	0
6691	0
6692	0
6693	0
6694	1
6695	0
6696	2
6697	0
6698	1
6699	0
6700	1
6701	0
6702	0
6703	0
6704	0
6705	0
6706	0
6707	0
6708	0
6709	0
6710	0
6711	0
6712	0
6713	1
6714	0
6715	2
6716	0
6717	0
6718	0
6719	0
6720	1
6721	0
6722	1
6723	1
6724	0
6725	0
6726	0
6727	0
6728	0
6729	0
6730	0
6731	1
6732	0
6733	0
6734	0
6735	0
6736	0
6737	0
6738	0
6739	1
6740	0
6741	0
6742	0
6743	0
6744	1
6745	1
6746	1
6747	0
6748	1
6749	0
6750	0
6751	0
6752	0
6753	0
6754	0
6755	0
6756	0
6757	0
6758	0
6759	0
6760	0
6761	0
6762	1
6763	0
6764	0
6765	1
6766	0
6767	0
6768	0
6769	1
6770	2
6771	0
6772	0
6773	0
6774	0
6775	0
6776	1
6777	1
6778	0
6779	1
6780	0
6781	1
6782	0
6783	1
6784	0
6785	0
6786	1
6787	0
6788	0
6789	0
6790	0
6791	1
6792	0
6793	0
6794	0
6795	0
6796	0
6797	1
6798	0
6799	0
6800	0
6801	0
6802	0
6803	0
6804	0
6805	0
6806	0
6807	0
6808	0
6809	0
6810	0
6811	0
6812	0
6813	0
6814	0
6815	0
6816	0
6817	0
6818	1
6819	1
6820	1
6821	1
6822	0
6823	0
6824	0
6825	1
6826	0
6827	0
6828	1
6829	1
6830	1
6831	1
6832	0
6833	1
6834	0
6835	0
6836	1
6837	0
6838	1
6839	0
6840	0
6841	0
6842	0
6843	0
6844	0
6845	0
6846	0
6847	1
6848	0
6849	0
6850	1
6851	0
6852	0
6853	1
6854	0
6855	0
6856	0
6857	0
6858	1
6859	1
6860	0
6861	0
6862	1
6863	0
6864	0
6865	0
6866	0
6867	1
6868	0
6869	0
6870	0
6871	1
6872	0
6873	0
6874	0
6875	0
6876	0
6877	0
6878	0
6879	0
6880	0
6881	0
6882	0
6883	0
6884	1
6885	0
6886	2
6887	0
6888	1
6889	0
6890	0
6891	1
6892	2
6893	1
6894	0
6895	0
6896	0
6897	0
6898	0
6899	1
6900	2
6901	0
6902	1
6903	1
6904	0
6905	0
6906	0
6907	0
6908	0
6909	0
6910	1
6911	0
6912	0
6913	0
6914	0
6915	0
6916	0
6917	0
6918	0
6919	1
6920	0
6921	0
6922	0
6923	1
6924	1
6925	0
6926	0
6927	1
6928	0
6929	0
6930	0
6931	1
6932	2
6933	0
6934	0
6935	0
6936	0
6937	0
6938	1
6939	0
6940	0
6941	0
6942	1
6943	0
6944	1
6945	0
6946	0
6947	0
6948	1
6949	0
6950	0
6951	0
6952	1
6953	0
6954	0
6955	1
6956	0
6957	0
6958	0
6959	0
6960	1
6961	0
6962	0
6963	0
6964	1
6965	0
6966	0
6967	0
6968	1
6969	0
6970	1
6971	0
6972	0
6973	1
6974	0
6975	0
6976	0
6977	0
6978	0
6979	0
6980	0
6981	0
6982	0
6983	0
6984	1
6985	1
6986	0
6987	0
6988	0
6989	0
6990	1
6991	0
6992	0
6993	0
6994	1
6995	0
6996	1
6997	0
6998	0
6999	0
7000	0
7001	0
7002	1
7003	0
7004	0
7005	1
7006	0
7007	0
7008	0
7009	1
7010	1
7011	0
7012	0
7013	0
7014	0
7015	0
7016	0
7017	0
7018	0
7019	0
7020	1
7021	0
7022	0
7023	0
7024	0
7025	0
7026	0
7027	0
7028	0
7029	0
7030	1
7031	0
7032	0
7033	0
7034	0
7035	0
7036	0
7037	0
7038	0
7039	0
7040	0
7041	0
7042	0
7043	0
7044	0
7045	0
7046	0
7047	0
7048	0
7049	0
7050	0
7051	0
7052	0
7053	0
7054	0
7055	0
7056	0
7057	0
7058	1
7059	1
7060	0
7061	0
7062	1
7063	0
7064	1
7065	1
7066	0
7067	0
7068	0
7069	0
7070	0
7071	0
7072	0
7073	0
7074	0
7075	0
7076	0
7077	0
7078	1
7079	0
7080	0
7081	1
7082	0
7083	0
7084	0
7085	0
7086	0
7087	1
7088	1
7089	0
7090	1
7091	0
7092	0
7093	0
7094	0
7095	0
7096	0
7097	0
7098	0
7099	0
7100	0
7101	0
7102	0
7103	0
7104	0
7105	0
7106	0
7107	1
7108	0
7109	0
7110	0
7111	0
7112	1
7113	0
7114	0
7115	1
7116	0
7117	0
7118	0
7119	0
7120	1
7121	0
7122	1
7123	0
7124	0
7125	0
7126	0
7127	0
7128	0
7129	1
7130	1
7131	0
7132	0
7133	1
7134	0
7135	0
7136	0
7137	1
7138	0
7139	0
7140	0
7141	0
7142	0
7143	0
7144	0
7145	0
7146	0
7147	0
7148	0
7149	1
7150	0
7151	0
7152	0
7153	0
7154	0
7155	0
7156	1
7157	0
7158	0
7159	0
7160	0
7161	1
7162	1
7163	0
7164	0
7165	1
7166	0
7167	1
7168	0
7169	1
7170	0
7171	0
7172	0
7173	1
7174	0
7175	0
7176	0
7177	0
7178	0
7179	0
7180	0
7181	0
7182	0
7183	2
7184	0
7185	0
7186	0
7187	0
7188	0
7189	1
7190	0
7191	1
7192	0
7193	0
7194	1
7195	0
7196	1
7197	0
7198	0
7199	0
7200	0
7201	0
7202	0
7203	0
7204	0
7205	0
7206	1
7207	0
7208	0
7209	0
7210	0
7211	0
7212	0
7213	0
7214	0
7215	0
7216	0
7217	0
7218	0
7219	0
7220	1
7221	0
7222	0
7223	0
7224	0
7225	0
7226	0
7227	0
7228	0
7229	0
7230	1
7231	0
7232	1
7233	0
7234	0
7235	0
7236	0
7237	1
7238	1
7239	0
7240	0
7241	0
7242	0
7243	1
7244	0
7245	0
7246	0
7247	0
7248	0
7249	0
7250	0
7251	0
7252	0
7253	0
7254	0
7255	0
7256	1
7257	0
7258	0
7259	0
7260	0
7261	0
7262	0
7263	1
7264	0
7265	0
7266	0
7267	0
7268	0
7269	0
7270	0
7271	0
7272	0
7273	1
7274	0
7275	0
7276	0
7277	0
7278	0
7279	0
7280	0
7281	0
7282	0
7283	0
7284	0
7285	0
7286	0
7287	1
7288	1
7289	0
7290	0
7291	0
7292	0
7293	1
7294	0
7295	0
7296	0
7297	0
7298	0
7299	0
7300	0
7301	1
7302	0
7303	0
7304	0
7305	1
7306	0
7307	0
7308	0
7309	0
7310	0
7311	0
7312	0
7313	0
7314	0
7315	0
7316	0
7317	0
7318	0
7319	0
7320	0
7321	0
7322	0
7323	0
7324	0
7325	0
7326	0
7327	0
7328	0
7329	0
7330	0
7331	0
7332	0
7333	0
7334	0
7335	0
7336	1
7337	0
7338	0
7339	0
7340	1
7341	0
7342	0
7343	0
7344	1
7345	0
7346	0
7347	0
7348	0
7349	0
7350	0
7351	0
7352	0
7353	0
7354	1
7355	0
7356	0
7357	0
7358	0
7359	0
7360	1
7361	1
7362	0
7363	0
7364	0
7365	0
7366	0
7367	0
7368	0
7369	0
7370	0
7371	0
7372	0
7373	0
7374	0
7375	0
7376	0
7377	0
7378	0
7379	0
7380	0
7381	0
7382	0
7383	0
7384	0
7385	0
7386	0
7387	0
7388	0
7389	0
7390	0
7391	0
7392	0
7393	0
7394	1
7395	1
7396	0
7397	0
7398	1
7399	0
7400	0
7401	2
7402	0
7403	0
7404	0
7405	0
7406	0
7407	0
7408	0
7409	0
7410	0
7411	0
7412	0
7413	0
7414	0
7415	0
7416	0
7417	1
7418	0
7419	0
7420	0
7421	0
7422	0
7423	0
7424	0
7425	0
7426	0
7427	0
7428	0
7429	0
7430	0
7431	1
7432	0
7433	0
7434	0
7435	0
7436	0
7437	1
7438	0
7439	0
7440	0
7441	0
7442	0
7443	0
7444	0
7445	1
7446	0
7447	0
7448	0
7449	0
7450	0
7451	0
7452	0
7453	0
7454	0
7455	0
7456	0
7457	0
7458	0
7459	0
7460	0
7461	0
7462	0
7463	0
7464	0
7465	0
7466	0
7467	0
7468	0
7469	0
7470	0
7471	1
7472	0
7473	0
7474	0
7475	0
7476	0
7477	0
7478	0
7479	0
7480	0
7481	0
7482	1
7483	0
7484	0
7485	0
7486	0
7487	0
7488	0
7489	0
7490	0
7491	0
7492	0
7493	0
7494	0
7495	0
7496	0
7497	0
7498	0
7499	0
7500	0
7501	0
7502	0
7503	0
7504	0
7505	1
7506	0
7507	1
7508	0
7509	0
7510	0
7511	0
7512	0
7513	0
7514	0
7515	0
7516	0
7517	0
7518	1
7519	0
7520	1
7521	0
7522	0
7523	0
7524	0
7525	0
7526	0
7527	0
7528	0
7529	1
7530	0
7531	0
7532	0
7533	0
7534	0
7535	0
7536	0
7537	1
7538	0
7539	0
7540	0
7541	0
7542	0
7543	0
7544	0
7545	1
7546	0
7547	0
7548	0
7549	0
7550	0
7551	0
7552	0
7553	0
7554	0
7555	0
7556	1
7557	0
7558	0
7559	0
7560	0
7561	1
7562	0
7563	0
7564	0
7565	0
7566	0
7567	0
7568	0
7569	0
7570	0
7571	0
7572	0
7573	0
7574	0
7575	0
7576	0
7577	0
7578	0
7579	0
7580	0
7581	0
7582	0
7583	0
7584	0
7585	0
7586	0
7587	0
7588	0
7589	0
7590	0
7591	0
7592	0
7593	0
7594	0
7595	0
7596	0
7597	0
7598	0
7599	0
7600	0
7601	0
7602	0
7603	0
7604	0
7605	1
7606	0
7607	0
7608	0
7609	0
7610	0
7611	1
7612	0
7613	1
7614	0
7615	0
7616	0
7617	0
7618	0
7619	0
7620	0
7621	0
7622	0
7623	0
7624	0
7625	0
7626	0
7627	0
7628	0
7629	0
7630	0
7631	0
7632	0
7633	0
7634	0
7635	0
7636	0
7637	0
7638	0
7639	1
7640	0
7641	0
7642	1
7643	0
7644	0
7645	0
7646	0
7647	0
7648	0
7649	0
7650	0
7651	0
7652	0
7653	0
7654	0
7655	0
7656	2
7657	0
7658	0
7659	0
7660	0
7661	0
7662	0
7663	0
7664	0
7665	0
7666	0
7667	0
7668	0
7669	0
7670	0
7671	0
7672	0
7673	0
7674	0
7675	0
7676	0
7677	0
7678	0
7679	0
7680	0
7681	1
7682	0
7683	0
7684	0
7685	0
7686	0
7687	0
7688	0
7689	0
7690	0
7691	0
7692	0
7693	0
7694	0
7695	1
7696	0
7697	0
7698	0
7699	0
7700	0
7701	0
7702	0
7703	0
7704	1
7705	0
7706	0
7707	1
7708	0
7709	0
7710	0
7711	0
7712	0
7713	1
7714	0
7715	0
7716	0
7717	0
7718	0
7719	0
7720	0
7721	0
7722	0
7723	0
7724	0
7725	0
7726	0
7727	0
7728	0
7729	0
7730	0
7731	0
7732	0
7733	0
7734	0
7735	0
7736	0
7737	0
7738	0
7739	1
7740	0
7741	0
7742	1
7743	0
7744	0
7745	0
7746	0
7747	0
7748	0
7749	0
7750	0
7751	1
7752	0
7753	0
7754	0
7755	0
7756	0
7757	0
7758	0
7759	0
7760	0
7761	1
7762	0
7763	0
7764	0
7765	0
7766	0
7767	0
7768	0
7769	0
7770	1
7771	0
7772	3
7773	0
7774	0
7775	0
7776	1
7777	0
7778	0
7779	0
7780	0
7781	0
7782	0
7783	0
7784	1
7785	0
7786	0
7787	0
7788	0
7789	0
7790	0
7791	0
7792	0
7793	1
7794	0
7795	0
7796	1
7797	0
7798	0
7799	0
7800	0
7801	0
7802	0
7803	0
7804	0
7805	0
7806	0
7807	0
7808	0
7809	0
7810	0
7811	0
7812	1
7813	0
7814	0
7815	0
7816	0
7817	0
7818	0
7819	0
7820	0
7821	0
7822	0
7823	0
7824	1
7825	1
7826	0
7827	0
7828	0
7829	0
7830	0
7831	0
7832	0
7833	0
7834	0
7835	0
7836	0
7837	0
7838	0
7839	0
7840	0
7841	0
7842	0
7843	0
7844	0
7845	0
7846	0
7847	0
7848	0
7849	0
7850	0
7851	0
7852	0
7853	0
7854	0
7855	0
7856	0
7857	0
7858	0
7859	0
7860	0
7861	0
7862	0
7863	0
7864	0
7865	0
7866	0
7867	0
7868	0
7869	0
7870	0
7871	0
7872	0
7873	0
7874	0
7875	0
7876	0
7877	0
7878	0
7879	0
7880	0
7881	0
7882	1
7883	0
7884	0
7885	0
7886	1
7887	0
7888	0
7889	0
7890	1
7891	0
7892	0
7893	0
7894	0
7895	0
7896	0
7897	0
7898	0
7899	0
7900	0
7901	0
7902	0
7903	1
7904	0
7905	0
7906	1
7907	0
7908	0
7909	0
7910	1
7911	0
7912	0
7913	0
7914	0
7915	0
7916	0
7917	0
7918	0
7919	0
7920	0
7921	0
7922	0
7923	0
7924	0
7925	0
7926	0
7927	0
7928	0
7929	0
7930	0
7931	0
7932	0
7933	0
7934	1
7935	0
7936	0
7937	0
7938	0
7939	0
7940	1
7941	0
7942	0
7943	1
7944	2
7945	0
7946	0
7947	0
7948	0
7949	0
7950	0
7951	0
7952	0
7953	0
7954	0
7955	0
7956	0
7957	0
7958	0
7959	0
7960	0
7961	0
7962	0
7963	0
7964	0
7965	0
7966	0
7967	0
7968	0
7969	0
7970	0
7971	0
7972	0
7973	0
7974	0
7975	0
7976	0
7977	0
7978	0
7979	0
7980	0
7981	0
7982	1
7983	0
7984	0
7985	0
7986	0
7987	0
7988	0
7989	0
7990	0
7991	0
7992	0
7993	0
7994	0
7995	0
7996	0
7997	0
7998	0
7999	0
8000	0
8001	0
8002	0
8003	0
8004	0
8005	0
8006	0
8007	0
8008	0
8009	0
8010	0
8011	0
8012	0
8013	0
8014	0
8015	0
8016	0
8017	0
8018	0
8019	0
8020	0
8021	0
8022	0
8023	1
8024	0
8025	0
8026	0
8027	0
8028	0
8029	1
8030	0
8031	0
8032	0
8033	0
8034	0
8035	0
8036	0
8037	0
8038	0
8039	0
8040	0
8041	0
8042	0
8043	0
8044	0
8045	0
8046	0
8047	0
8048	0
8049	0
8050	0
8051	0
8052	0
8053	0
8054	0
8055	0
8056	0
8057	0
8058	0
8059	0
8060	0
8061	0
8062	0
8063	0
8064	0
8065	0
8066	1
8067	0
8068	0
8069	0
8070	0
8071	0
8072	0
8073	0
8074	0
8075	0
8076	0
8077	0
8078	0
8079	0
8080	0
8081	0
8082	0
8083	0
8084	0
8085	1
8086	0
8087	0
8088	0
8089	0
8090	0
8091	0
8092	0
8093	0
8094	0
8095	0
8096	0
8097	0
8098	0
8099	0
8100	0
8101	0
8102	0
8103	0
8104	0
8105	0
8106	0
8107	0
8108	0
8109	0
8110	0
8111	0
8112	0
8113	0
8114	0
8115	0
8116	0
8117	0
8118	0
8119	0
8120	0
8121	0
8122	0
8123	0
8124	0
8125	0
8126	0
8127	0
8128	0
8129	0
8130	0
8131	0
8132	0
8133	0
8134	0
8135	0
8136	0
8137	0
8138	0
8139	0
8140	0
8141	0
8142	0
8143	0
8144	0
8145	0
8146	0
8147	0
8148	0
8149	0
8150	0
8151	0
8152	0
8153	0
8154	0
8155	0
8156	0
8157	0
8158	0
8159	0
8160	0
8161	0
8162	0
8163	0
8164	0
8165	0
8166	0
8167	0
8168	0
8169	0
8170	0
8171	0
8172	0
8173	0
8174	0
8175	0
8176	0
8177	0
8178	0
8179	0
8180	0
8181	0
8182	0
8183	0
8184	0
8185	0
8186	0
8187	0
8188	0
8189	0
8190	0
8191	0
