0	4
1	179
2	1011
3	1911
4	2140
5	2168
6	2238
7	2947
8	5245
9	5566
10	5391
11	5302
12	5522
13	7179
14	117250
15	4123125
16	4965921
17	4615832
18	4265072
19	3927068
20	3614595
21	3313896
22	3036820
23	2776235
24	2522969
25	2284435
26	2058809
27	1854759
28	1665446
29	1491684
30	1333708
31	1191203
32	1055889
33	936236
34	829644
35	731337
36	646086
37	568079
38	500033
39	438849
40	385196
41	338052
42	297436
43	259450
44	227964
45	200067
46	176253
47	155547
48	137294
49	121662
50	108480
51	97664
52	87852
53	79281
54	71763
55	65975
56	60464
57	55683
58	51663
59	48901
60	45974
61	43906
62	41200
63	39744
64	38520
65	36889
66	35712
67	34781
68	33620
69	33208
70	32324
71	31647
72	31100
73	30266
74	29663
75	29187
76	28929
77	28260
78	27651
79	27357
80	27233
81	26687
82	26253
83	25956
84	25321
85	25156
86	24837
87	24228
88	24266
89	23765
90	23452
91	23052
92	22768
93	22341
94	22016
95	21933
96	21492
97	21159
98	21084
99	20425
100	20330
101	20118
102	19427
103	19387
104	19221
105	18756
106	18509
107	18149
108	18034
109	17782
110	17305
111	16699
112	16938
113	16477
114	16281
115	15925
116	15776
117	15609
118	15186
119	14872
120	14696
121	14620
122	14458
123	14035
124	13528
125	13814
126	13260
127	13181
128	12766
129	12761
130	12451
131	12207
132	12012
133	11942
134	11701
135	11512
136	11206
137	10910
138	10681
139	10724
140	10498
141	10228
142	9979
143	9826
144	9714
145	9457
146	9389
147	9273
148	9180
149	8871
150	8650
151	8368
152	8251
153	8110
154	7984
155	8067
156	7828
157	7660
158	7591
159	7444
160	7136
161	7031
162	7055
163	6820
164	6578
165	6539
166	6406
167	6472
168	6170
169	6173
170	5983
171	5964
172	5842
173	5671
174	5675
175	5519
176	5328
177	5312
178	5202
179	5108
180	5013
181	4986
182	4757
183	4757
184	4671
185	4818
186	4672
187	4534
188	4471
189	4438
190	4327
191	4394
192	4195
193	4145
194	4085
195	4103
196	3943
197	3944
198	3884
199	3852
200	3764
201	3690
202	3790
203	3622
204	3456
205	3477
206	3477
207	3349
208	3390
209	3277
210	3375
211	3225
212	3251
213	3221
214	3126
215	3216
216	3167
217	2978
218	3041
219	2941
220	2977
221	2960
222	2924
223	2893
224	2897
225	2840
226	2820
227	2712
228	2744
229	2802
230	2785
231	2708
232	2642
233	2702
234	2631
235	2582
236	2598
237	2504
238	2465
239	2568
240	2491
241	2488
242	2517
243	2414
244	2499
245	2460
246	2465
247	2424
248	2362
249	2455
250	2254
251	2309
252	2376
253	2325
254	2273
255	2314
256	2255
257	2227
258	2239
259	2234
260	2266
261	2236
262	2162
263	2183
264	2158
265	2163
266	2157
267	2070
268	2213
269	2064
270	2099
271	2163
272	2100
273	2117
274	2076
275	2079
276	2056
277	2002
278	2042
279	1995
280	2002
281	1979
282	2024
283	2028
284	2018
285	2051
286	1950
287	1960
288	1987
289	1886
290	1956
291	1986
292	1873
293	1955
294	2007
295	1869
296	1988
297	1833
298	1884
299	1834
300	1917
301	1863
302	1888
303	1877
304	1836
305	1811
306	1791
307	1721
308	1835
309	1808
310	1754
311	1749
312	1719
313	1750
314	1726
315	1770
316	1741
317	1758
318	1743
319	1759
320	1662
321	1741
322	1719
323	1751
324	1686
325	1655
326	1701
327	1717
328	1705
329	1743
330	1733
331	1659
332	1630
333	1728
334	1619
335	1612
336	1637
337	1544
338	1606
339	1592
340	1569
341	1563
342	1574
343	1592
344	1581
345	1589
346	1605
347	1601
348	1548
349	1521
350	1576
351	1566
352	1524
353	1652
354	1547
355	1500
356	1573
357	1589
358	1520
359	1461
360	1488
361	1515
362	1585
363	1571
364	1493
365	1517
366	1523
367	1498
368	1526
369	1489
370	1481
371	1470
372	1469
373	1432
374	1508
375	1489
376	1480
377	1420
378	1412
379	1516
380	1419
381	1470
382	1472
383	1386
384	1340
385	1478
386	1403
387	1434
388	1466
389	1355
390	1346
391	1367
392	1400
393	1439
394	1377
395	1406
396	1402
397	1467
398	1268
399	1362
400	1295
401	1378
402	1379
403	1373
404	1406
405	1376
406	1357
407	1367
408	1335
409	1362
410	1352
411	1338
412	1304
413	1389
414	1362
415	1413
416	1322
417	1298
418	1315
419	1258
420	1375
421	1248
422	1273
423	1356
424	1304
425	1291
426	1361
427	1264
428	1306
429	1294
430	1251
431	1317
432	1292
433	1308
434	1302
435	1248
436	1284
437	1233
438	1254
439	1186
440	1250
441	1295
442	1256
443	1157
444	1202
445	1232
446	1203
447	1216
448	1216
449	1186
450	1254
451	1210
452	1219
453	1223
454	1273
455	1227
456	1213
457	1234
458	1252
459	1172
460	1240
461	1193
462	1221
463	1169
464	1191
465	1192
466	1211
467	1182
468	1197
469	1206
470	1169
471	1234
472	1209
473	1193
474	1207
475	1215
476	1179
477	1181
478	1175
479	1223
480	1191
481	1219
482	1156
483	1148
484	1182
485	1086
486	1087
487	1253
488	1167
489	1144
490	1165
491	1186
492	1217
493	1194
494	1174
495	1137
496	1124
497	1153
498	1161
499	1144
500	1070
501	1116
502	1067
503	1138
504	1118
505	1130
506	1166
507	1119
508	1078
509	1072
510	1147
511	1120
512	1112
513	1095
514	1105
515	1114
516	1154
517	1147
518	1084
519	1112
520	1101
521	1084
522	1104
523	1081
524	1102
525	1141
526	1062
527	1128
528	1105
529	1134
530	1073
531	1119
532	1064
533	1070
534	1055
535	1055
536	1039
537	1125
538	1138
539	1048
540	1072
541	1047
542	1091
543	1095
544	984
545	1112
546	1069
547	1073
548	1100
549	1121
550	991
551	1060
552	1071
553	1074
554	1098
555	1036
556	1096
557	1078
558	1108
559	1143
560	1054
561	1140
562	1100
563	1002
564	1027
565	1024
566	1069
567	1094
568	1059
569	1045
570	1057
571	1097
572	1095
573	1048
574	1054
575	1053
576	1052
577	1039
578	1047
579	1025
580	1076
581	1078
582	1040
583	1065
584	1024
585	1042
586	1028
587	1089
588	1128
589	1028
590	1076
591	1024
592	1062
593	1028
594	1018
595	1019
596	1054
597	1020
598	1046
599	1070
600	1020
601	1153
602	1068
603	1072
604	1076
605	1059
606	1018
607	1066
608	1065
609	1089
610	1140
611	1051
612	1048
613	1112
614	1103
615	1047
616	1043
617	1065
618	1047
619	1100
620	1037
621	1051
622	1033
623	1087
624	1068
625	1092
626	1025
627	1056
628	1005
629	1126
630	1007
631	1036
632	1002
633	1046
634	1060
635	1109
636	1090
637	1044
638	991
639	1100
640	1114
641	1060
642	1049
643	1100
644	1048
645	1059
646	1055
647	1081
648	1014
649	1052
650	1033
651	1033
652	1038
653	1018
654	1063
655	1067
656	1007
657	1013
658	1045
659	1011
660	1002
661	1084
662	1043
663	1057
664	1021
665	1044
666	1043
667	998
668	989
669	1054
670	1141
671	1050
672	1047
673	1087
674	1037
675	1047
676	1060
677	1044
678	1089
679	1017
680	1036
681	1017
682	1054
683	1043
684	1005
685	1048
686	1057
687	1070
688	1017
689	1016
690	1018
691	1079
692	1031
693	1061
694	1068
695	1043
696	1040
697	1026
698	1048
699	993
700	1014
701	1077
702	1046
703	1011
704	1028
705	1045
706	1088
707	997
708	1076
709	1061
710	980
711	1027
712	1013
713	1005
714	1032
715	1040
716	1097
717	1014
718	1036
719	1011
720	1047
721	1050
722	1033
723	1011
724	1065
725	1021
726	1084
727	1002
728	1060
729	1059
730	1003
731	1063
732	964
733	1055
734	1028
735	1006
736	1041
737	1004
738	1004
739	1023
740	990
741	1061
742	998
743	1002
744	995
745	997
746	1007
747	971
748	1064
749	1010
750	1024
751	1036
752	991
753	1018
754	936
755	1016
756	940
757	967
758	1033
759	1011
760	949
761	934
762	988
763	960
764	993
765	980
766	975
767	1024
768	915
769	965
770	976
771	974
772	962
773	1000
774	974
775	919
776	978
777	985
778	986
779	980
780	960
781	974
782	1008
783	916
784	950
785	961
786	940
787	952
788	928
789	935
790	921
791	904
792	918
793	878
794	917
795	907
796	936
797	932
798	1000
799	964
800	928
801	944
802	886
803	944
804	890
805	904
806	914
807	919
808	940
809	908
810	910
811	850
812	870
813	958
814	913
815	904
816	889
817	918
818	851
819	929
820	890
821	844
822	939
823	849
824	986
825	851
826	901
827	869
828	908
829	933
830	900
831	890
832	909
833	931
834	874
835	889
836	863
837	933
838	901
839	905
840	935
841	905
842	973
843	991
844	1031
845	891
846	895
847	880
848	846
849	895
850	871
851	892
852	876
853	902
854	905
855	833
856	852
857	864
858	865
859	828
860	868
861	853
862	856
863	854
864	830
865	844
866	866
867	789
868	842
869	845
870	825
871	853
872	849
873	822
874	820
875	893
876	854
877	879
878	800
879	902
880	848
881	882
882	803
883	823
884	830
885	801
886	845
887	880
888	816
889	868
890	838
891	853
892	836
893	835
894	810
895	826
896	832
897	799
898	787
899	789
900	839
901	841
902	830
903	787
904	879
905	829
906	801
907	898
908	801
909	867
910	860
911	857
912	868
913	853
914	835
915	865
916	845
917	873
918	831
919	852
920	903
921	840
922	857
923	851
924	943
925	938
926	918
927	861
928	907
929	933
930	910
931	869
932	937
933	956
934	967
935	955
936	967
937	911
938	981
939	917
940	927
941	894
942	954
943	973
944	962
945	992
946	913
947	929
948	959
949	929
950	911
951	859
952	566
953	121
954	1
955	2
956	1
957	0
958	0
959	0
960	0
961	0
962	2
963	1
964	0
965	0
966	1
967	1
968	0
969	0
970	0
971	0
972	0
973	1
974	1
975	0
976	0
977	1
978	1
979	0
980	0
981	1
982	0
983	0
984	0
985	0
986	1
987	1
988	0
989	1
990	1
991	0
992	0
993	0
994	0
995	0
996	0
997	0
998	0
999	0
1000	0
1001	0
1002	0
1003	0
1004	0
1005	0
1006	0
1007	0
1008	0
1009	0
1010	0
1011	0
1012	0
1013	0
1014	0
1015	0
1016	0
1017	0
1018	0
1019	0
1020	0
1021	0
1022	0
1023	0
