0	0
1	0
2	1
3	7
4	6
5	3
6	6
7	6
8	10
9	9
10	11
11	35
12	13468
13	62338
14	58706
15	55585
16	53093
17	49953
18	48091
19	45969
20	43678
21	42089
22	39779
23	38128
24	35830
25	34747
26	33234
27	31708
28	29976
29	28679
30	27022
31	25537
32	24184
33	22484
34	21489
35	20242
36	19212
37	18238
38	17069
39	16167
40	15114
41	14398
42	13473
43	12545
44	12071
45	11455
46	10670
47	10088
48	9559
49	9280
50	8864
51	8364
52	8150
53	7729
54	7392
55	7206
56	7011
57	6736
58	6505
59	6290
60	6079
61	5910
62	5709
63	5653
64	5678
65	5302
66	5453
67	5297
68	5076
69	4878
70	4861
71	4977
72	4767
73	4515
74	4501
75	4441
76	4386
77	4412
78	4282
79	4136
80	3953
81	4021
82	3976
83	3909
84	3886
85	3852
86	3685
87	3542
88	3527
89	3337
90	3249
91	3287
92	3191
93	2955
94	2996
95	3030
96	2858
97	2725
98	2559
99	2633
100	2489
101	2497
102	2378
103	2320
104	2207
105	2171
106	2054
107	2004
108	1921
109	1851
110	1752
111	1698
112	1718
113	1526
114	1548
115	1550
116	1355
117	1332
118	1347
119	1235
120	1262
121	1225
122	1085
123	1044
124	1048
125	1009
126	1026
127	959
128	904
129	821
130	950
131	808
132	789
133	790
134	742
135	688
136	648
137	669
138	625
139	563
140	570
141	547
142	547
143	555
144	492
145	513
146	466
147	449
148	437
149	447
150	440
151	424
152	413
153	372
154	351
155	344
156	356
157	333
158	333
159	300
160	297
161	312
162	281
163	263
164	291
165	278
166	254
167	269
168	249
169	245
170	226
171	225
172	198
173	225
174	195
175	187
176	189
177	202
178	182
179	185
180	205
181	189
182	164
183	149
184	178
185	181
186	184
187	178
188	165
189	166
190	138
191	156
192	154
193	162
194	141
195	155
196	159
197	156
198	126
199	120
200	111
201	134
202	125
203	122
204	151
205	138
206	114
207	109
208	119
209	122
210	116
211	99
212	107
213	111
214	112
215	102
216	92
217	104
218	96
219	106
220	81
221	84
222	116
223	113
224	102
225	95
226	84
227	82
228	105
229	102
230	109
231	84
232	78
233	90
234	81
235	104
236	107
237	69
238	67
239	91
240	93
241	91
242	80
243	84
244	86
245	86
246	67
247	98
248	81
249	70
250	82
251	69
252	72
253	65
254	82
255	79
256	77
257	68
258	75
259	48
260	68
261	78
262	87
263	66
264	59
265	77
266	72
267	63
268	68
269	83
270	48
271	67
272	61
273	69
274	78
275	76
276	77
277	67
278	58
279	72
280	69
281	80
282	52
283	79
284	58
285	64
286	75
287	77
288	57
289	66
290	63
291	72
292	60
293	48
294	61
295	69
296	57
297	64
298	66
299	48
300	67
301	81
302	54
303	70
304	49
305	46
306	60
307	52
308	44
309	66
310	49
311	50
312	48
313	60
314	49
315	54
316	50
317	64
318	48
319	53
320	55
321	40
322	63
323	44
324	48
325	50
326	40
327	41
328	50
329	36
330	54
331	48
332	38
333	48
334	50
335	39
336	60
337	52
338	42
339	45
340	36
341	47
342	45
343	40
344	61
345	47
346	48
347	48
348	48
349	38
350	46
351	46
352	34
353	50
354	46
355	42
356	51
357	45
358	48
359	46
360	40
361	35
362	39
363	49
364	43
365	54
366	51
367	41
368	45
369	41
370	53
371	32
372	39
373	38
374	38
375	40
376	36
377	38
378	36
379	39
380	31
381	38
382	32
383	34
384	37
385	30
386	38
387	35
388	43
389	26
390	38
391	34
392	27
393	39
394	41
395	48
396	42
397	26
398	40
399	31
400	41
401	29
402	27
403	38
404	33
405	28
406	31
407	26
408	31
409	28
410	38
411	32
412	25
413	39
414	29
415	34
416	23
417	34
418	30
419	31
420	34
421	33
422	31
423	25
424	28
425	33
426	30
427	41
428	41
429	28
430	23
431	30
432	20
433	38
434	34
435	28
436	26
437	25
438	21
439	30
440	30
441	29
442	35
443	26
444	26
445	26
446	31
447	27
448	27
449	36
450	34
451	31
452	28
453	29
454	31
455	21
456	32
457	37
458	30
459	24
460	23
461	27
462	26
463	24
464	30
465	23
466	24
467	25
468	23
469	27
470	23
471	14
472	33
473	35
474	36
475	33
476	25
477	32
478	18
479	32
480	30
481	23
482	19
483	22
484	22
485	20
486	17
487	29
488	25
489	29
490	25
491	26
492	24
493	27
494	29
495	20
496	24
497	18
498	22
499	24
500	28
501	17
502	26
503	26
504	19
505	17
506	21
507	24
508	25
509	28
510	18
511	30
512	30
513	24
514	31
515	24
516	28
517	23
518	31
519	18
520	24
521	26
522	20
523	24
524	18
525	33
526	20
527	22
528	12
529	17
530	27
531	15
532	26
533	20
534	21
535	29
536	15
537	19
538	23
539	29
540	23
541	20
542	19
543	26
544	28
545	22
546	25
547	27
548	19
549	17
550	22
551	30
552	19
553	22
554	21
555	29
556	16
557	16
558	20
559	17
560	19
561	23
562	20
563	27
564	26
565	22
566	16
567	23
568	11
569	20
570	14
571	16
572	22
573	22
574	18
575	21
576	22
577	18
578	23
579	16
580	20
581	24
582	25
583	18
584	25
585	15
586	20
587	17
588	27
589	30
590	24
591	19
592	23
593	9
594	15
595	13
596	16
597	26
598	15
599	17
600	16
601	15
602	22
603	9
604	27
605	17
606	14
607	19
608	16
609	10
610	19
611	17
612	17
613	15
614	20
615	14
616	16
617	14
618	18
619	26
620	20
621	17
622	20
623	28
624	12
625	17
626	22
627	12
628	30
629	14
630	12
631	21
632	16
633	11
634	9
635	18
636	16
637	15
638	21
639	18
640	15
641	15
642	11
643	22
644	12
645	14
646	15
647	19
648	15
649	10
650	15
651	16
652	14
653	14
654	15
655	16
656	12
657	18
658	21
659	11
660	11
661	14
662	12
663	13
664	12
665	8
666	16
667	22
668	10
669	14
670	12
671	16
672	13
673	17
674	14
675	12
676	11
677	16
678	9
679	10
680	16
681	8
682	8
683	11
684	14
685	13
686	15
687	19
688	19
689	14
690	9
691	13
692	13
693	10
694	8
695	12
696	17
697	17
698	16
699	9
700	15
701	12
702	8
703	10
704	14
705	9
706	9
707	12
708	10
709	12
710	12
711	11
712	13
713	9
714	6
715	8
716	11
717	13
718	6
719	13
720	5
721	12
722	10
723	4
724	14
725	7
726	14
727	12
728	7
729	6
730	7
731	9
732	4
733	10
734	10
735	9
736	4
737	10
738	6
739	8
740	7
741	8
742	10
743	11
744	7
745	6
746	9
747	5
748	6
749	6
750	6
751	9
752	5
753	5
754	5
755	9
756	6
757	4
758	3
759	2
760	1
761	4
762	3
763	4
764	4
765	3
766	6
767	3
768	2
769	7
770	0
771	9
772	3
773	3
774	6
775	2
776	2
777	2
778	1
779	5
780	4
781	1
782	3
783	1
784	1
785	1
786	2
787	0
788	0
789	1
790	0
791	2
792	0
793	1
794	0
795	0
796	0
797	0
798	0
799	0
800	0
801	1
802	0
803	0
804	0
805	0
806	0
807	1
808	0
809	1
810	1
811	1
812	1
813	0
814	1
815	0
816	1
817	0
818	0
819	0
820	1
821	0
822	0
823	0
824	0
825	1
826	0
827	0
828	0
829	0
830	0
831	0
832	1
833	0
834	0
835	0
836	0
837	0
838	0
839	0
840	0
841	0
842	0
843	1
844	0
845	0
846	0
847	0
848	0
849	0
850	0
851	0
852	0
853	0
854	0
855	0
856	0
857	0
858	0
859	0
860	0
861	0
862	0
863	0
864	0
865	0
866	0
867	0
868	0
869	0
870	0
871	0
872	0
873	0
874	0
875	0
876	0
877	1
878	0
879	0
880	0
881	0
882	0
883	0
884	0
885	0
886	0
887	0
888	0
889	0
890	1
891	0
892	0
893	0
894	0
895	0
896	0
897	0
898	0
899	0
900	0
901	0
902	0
903	0
904	0
905	0
906	0
907	0
908	0
909	0
910	0
911	0
912	0
913	0
914	0
915	0
916	0
917	0
918	0
919	0
920	0
921	0
922	0
923	0
924	0
925	0
926	0
927	0
928	0
929	0
930	0
931	0
932	0
933	0
934	0
935	0
936	0
937	0
938	0
939	0
940	0
941	0
942	0
943	0
944	0
945	0
946	0
947	0
948	0
949	0
950	0
951	0
952	0
953	0
954	0
955	0
956	0
957	0
958	0
959	0
960	0
961	0
962	0
963	0
964	0
965	0
966	0
967	0
968	0
969	0
970	0
971	0
972	0
973	0
974	0
975	0
976	0
977	0
978	0
979	0
980	0
981	0
982	0
983	0
984	0
985	0
986	0
987	0
988	0
989	0
990	0
991	0
992	0
993	0
994	0
995	0
996	0
997	0
998	0
999	0
1000	0
1001	0
1002	0
1003	0
1004	0
1005	0
1006	0
1007	0
1008	0
1009	0
1010	0
1011	0
1012	0
1013	0
1014	0
1015	0
1016	0
1017	0
1018	0
1019	0
1020	0
1021	0
1022	0
1023	0
