0	0
1	0
2	0
3	0
4	1
5	4
6	2
7	0
8	1
9	1
10	1
11	2
12	1
13	0
14	0
15	0
16	0
17	1
18	0
19	0
20	1
21	4
22	3
23	0
24	3
25	1
26	2
27	3
28	4
29	3
30	4
31	4
32	3
33	1
34	3
35	5
36	13
37	6
38	9
39	13
40	10
41	21
42	23
43	61
44	2714
45	4808
46	4715
47	4563
48	4457
49	4242
50	4078
51	3981
52	3856
53	3714
54	3635
55	3586
56	3387
57	3387
58	3341
59	3218
60	3217
61	2974
62	3146
63	2892
64	2969
65	2755
66	2761
67	2616
68	2711
69	2530
70	2540
71	2465
72	2411
73	2253
74	2250
75	2261
76	2300
77	2181
78	2166
79	2134
80	2182
81	2023
82	1952
83	1960
84	1986
85	1871
86	1890
87	1784
88	1856
89	1728
90	1766
91	1736
92	1702
93	1653
94	1679
95	1610
96	1585
97	1586
98	1561
99	1608
100	1465
101	1480
102	1541
103	1478
104	1438
105	1407
106	1366
107	1476
108	1413
109	1369
110	1314
111	1365
112	1243
113	1326
114	1379
115	1267
116	1276
117	1186
118	1291
119	1202
120	1249
121	1198
122	1234
123	1176
124	1159
125	1103
126	1160
127	1169
128	1188
129	1152
130	1168
131	1092
132	1038
133	1092
134	1122
135	1030
136	1109
137	1044
138	1012
139	969
140	973
141	978
142	930
143	992
144	998
145	908
146	946
147	999
148	888
149	902
150	901
151	893
152	909
153	873
154	854
155	895
156	870
157	831
158	807
159	822
160	759
161	788
162	823
163	777
164	778
165	769
166	740
167	791
168	771
169	764
170	750
171	736
172	711
173	737
174	693
175	631
176	655
177	675
178	681
179	605
180	661
181	664
182	651
183	649
184	622
185	633
186	671
187	601
188	596
189	597
190	615
191	603
192	583
193	602
194	571
195	578
196	567
197	561
198	553
199	519
200	536
201	491
202	531
203	476
204	512
205	529
206	466
207	491
208	478
209	477
210	469
211	473
212	483
213	469
214	422
215	469
216	436
217	465
218	439
219	408
220	412
221	415
222	393
223	395
224	375
225	430
226	416
227	371
228	382
229	419
230	375
231	397
232	386
233	366
234	390
235	401
236	353
237	387
238	337
239	372
240	353
241	319
242	318
243	308
244	320
245	339
246	308
247	307
248	303
249	317
250	305
251	306
252	313
253	283
254	282
255	277
256	302
257	312
258	267
259	280
260	313
261	339
262	263
263	269
264	312
265	265
266	257
267	260
268	268
269	249
270	267
271	244
272	260
273	268
274	254
275	247
276	256
277	239
278	226
279	248
280	220
281	221
282	239
283	206
284	236
285	241
286	253
287	195
288	209
289	236
290	215
291	222
292	219
293	236
294	215
295	185
296	212
297	181
298	176
299	197
300	203
301	171
302	194
303	206
304	188
305	180
306	177
307	189
308	173
309	186
310	180
311	170
312	191
313	191
314	182
315	184
316	163
317	209
318	166
319	178
320	195
321	188
322	165
323	164
324	175
325	162
326	196
327	171
328	178
329	178
330	168
331	148
332	185
333	174
334	156
335	168
336	154
337	151
338	173
339	175
340	178
341	168
342	146
343	148
344	142
345	124
346	159
347	145
348	157
349	147
350	160
351	141
352	134
353	145
354	134
355	153
356	139
357	127
358	145
359	155
360	143
361	138
362	125
363	140
364	131
365	131
366	147
367	146
368	132
369	147
370	133
371	136
372	133
373	116
374	159
375	130
376	130
377	107
378	132
379	148
380	123
381	137
382	128
383	134
384	126
385	130
386	128
387	106
388	124
389	120
390	129
391	118
392	120
393	122
394	108
395	133
396	115
397	131
398	135
399	97
400	134
401	118
402	108
403	112
404	116
405	97
406	118
407	135
408	95
409	109
410	117
411	116
412	109
413	114
414	110
415	95
416	109
417	115
418	104
419	94
420	98
421	115
422	121
423	112
424	106
425	101
426	100
427	109
428	92
429	97
430	98
431	104
432	85
433	108
434	95
435	101
436	94
437	98
438	95
439	94
440	100
441	80
442	92
443	112
444	98
445	113
446	95
447	82
448	105
449	111
450	82
451	95
452	86
453	89
454	91
455	90
456	71
457	84
458	75
459	94
460	78
461	97
462	89
463	96
464	74
465	89
466	96
467	82
468	91
469	78
470	76
471	86
472	95
473	94
474	94
475	92
476	93
477	96
478	76
479	74
480	79
481	73
482	90
483	82
484	77
485	71
486	81
487	73
488	91
489	79
490	63
491	74
492	86
493	92
494	71
495	70
496	74
497	70
498	69
499	80
500	84
501	75
502	75
503	86
504	72
505	60
506	72
507	68
508	64
509	61
510	69
511	67
512	72
513	70
514	79
515	80
516	83
517	95
518	75
519	75
520	62
521	63
522	86
523	82
524	65
525	70
526	81
527	71
528	74
529	69
530	67
531	86
532	78
533	62
534	77
535	76
536	80
537	82
538	71
539	71
540	71
541	75
542	71
543	81
544	67
545	62
546	58
547	73
548	55
549	67
550	62
551	89
552	67
553	68
554	71
555	67
556	69
557	63
558	69
559	80
560	84
561	69
562	64
563	63
564	66
565	74
566	74
567	54
568	74
569	68
570	62
571	70
572	77
573	60
574	69
575	63
576	73
577	67
578	76
579	66
580	68
581	59
582	60
583	62
584	64
585	66
586	61
587	61
588	73
589	80
590	61
591	61
592	72
593	63
594	67
595	64
596	71
597	68
598	68
599	53
600	64
601	63
602	63
603	52
604	59
605	73
606	68
607	73
608	54
609	65
610	61
611	66
612	50
613	76
614	54
615	58
616	67
617	63
618	67
619	68
620	65
621	70
622	63
623	53
624	50
625	67
626	64
627	59
628	50
629	57
630	64
631	57
632	62
633	75
634	59
635	64
636	76
637	50
638	68
639	65
640	75
641	54
642	62
643	56
644	61
645	60
646	70
647	60
648	71
649	54
650	56
651	58
652	58
653	68
654	54
655	67
656	57
657	49
658	50
659	70
660	55
661	60
662	64
663	46
664	60
665	55
666	68
667	54
668	69
669	59
670	62
671	73
672	50
673	55
674	75
675	59
676	51
677	70
678	65
679	65
680	54
681	49
682	63
683	76
684	46
685	69
686	58
687	49
688	72
689	67
690	61
691	59
692	69
693	72
694	58
695	76
696	58
697	69
698	65
699	46
700	66
701	66
702	70
703	50
704	71
705	60
706	68
707	72
708	62
709	86
710	54
711	60
712	58
713	72
714	67
715	54
716	59
717	55
718	49
719	58
720	57
721	66
722	61
723	62
724	68
725	60
726	70
727	48
728	68
729	67
730	52
731	67
732	61
733	71
734	83
735	75
736	66
737	77
738	78
739	59
740	62
741	78
742	61
743	65
744	68
745	70
746	64
747	70
748	72
749	76
750	80
751	71
752	64
753	57
754	64
755	69
756	76
757	76
758	69
759	69
760	81
761	78
762	65
763	64
764	63
765	65
766	74
767	72
768	62
769	80
770	75
771	59
772	71
773	76
774	77
775	86
776	59
777	71
778	71
779	75
780	60
781	69
782	63
783	81
784	57
785	63
786	78
787	64
788	88
789	63
790	85
791	65
792	77
793	63
794	57
795	81
796	79
797	74
798	81
799	73
800	81
801	72
802	66
803	91
804	70
805	89
806	68
807	66
808	85
809	71
810	75
811	94
812	64
813	72
814	65
815	81
816	64
817	73
818	89
819	79
820	69
821	67
822	79
823	69
824	68
825	64
826	85
827	68
828	91
829	73
830	72
831	55
832	70
833	61
834	72
835	84
836	68
837	83
838	90
839	78
840	68
841	60
842	62
843	76
844	67
845	62
846	64
847	73
848	63
849	59
850	69
851	59
852	68
853	79
854	68
855	61
856	60
857	53
858	75
859	54
860	66
861	56
862	56
863	49
864	51
865	47
866	56
867	48
868	47
869	45
870	57
871	48
872	38
873	52
874	54
875	60
876	50
877	47
878	62
879	55
880	49
881	49
882	60
883	42
884	47
885	52
886	58
887	56
888	55
889	51
890	42
891	43
892	48
893	44
894	48
895	41
896	44
897	41
898	34
899	43
900	48
901	34
902	47
903	34
904	48
905	35
906	56
907	41
908	42
909	33
910	25
911	41
912	45
913	32
914	37
915	41
916	28
917	22
918	19
919	36
920	39
921	24
922	35
923	29
924	25
925	30
926	22
927	35
928	51
929	22
930	32
931	37
932	23
933	31
934	26
935	35
936	18
937	23
938	25
939	27
940	28
941	17
942	25
943	18
944	22
945	26
946	25
947	17
948	28
949	22
950	22
951	20
952	24
953	17
954	25
955	25
956	23
957	23
958	22
959	20
960	22
961	26
962	32
963	18
964	17
965	26
966	17
967	27
968	17
969	18
970	20
971	14
972	13
973	10
974	18
975	14
976	9
977	15
978	16
979	15
980	9
981	19
982	12
983	2
984	0
985	0
986	0
987	0
988	0
989	0
990	0
991	0
992	0
993	0
994	0
995	0
996	0
997	0
998	0
999	0
1000	0
1001	0
1002	0
1003	0
1004	0
1005	0
1006	0
1007	0
1008	0
1009	0
1010	0
1011	0
1012	0
1013	0
1014	0
1015	0
1016	0
1017	0
1018	0
1019	0
1020	0
1021	0
1022	0
1023	0
