0	0
1	0
2	2
3	2
4	2
5	7
6	2
7	4
8	16
9	26
10	42
11	66
12	13301
13	67180
14	62281
15	55958
16	51267
17	46951
18	43215
19	40457
20	37485
21	35649
22	33577
23	31652
24	30177
25	28910
26	27125
27	26036
28	25100
29	23942
30	23007
31	21820
32	21068
33	20512
34	19521
35	18478
36	17956
37	16951
38	16479
39	15717
40	14993
41	14420
42	13609
43	13011
44	12200
45	12028
46	11119
47	10782
48	10257
49	9629
50	9297
51	8962
52	8313
53	8235
54	7807
55	7481
56	6941
57	6520
58	6368
59	6067
60	5877
61	5567
62	5495
63	5077
64	4988
65	4786
66	4611
67	4356
68	4280
69	4062
70	3883
71	3764
72	3629
73	3556
74	3407
75	3368
76	3282
77	3196
78	3119
79	2988
80	2922
81	2865
82	2826
83	2703
84	2505
85	2572
86	2440
87	2382
88	2251
89	2306
90	2216
91	2191
92	2133
93	2139
94	2080
95	2027
96	1999
97	1982
98	2042
99	1875
100	1954
101	1841
102	1832
103	1800
104	1769
105	1683
106	1630
107	1674
108	1569
109	1533
110	1534
111	1489
112	1417
113	1405
114	1455
115	1357
116	1361
117	1304
118	1287
119	1273
120	1248
121	1207
122	1157
123	1165
124	1150
125	1142
126	1174
127	1089
128	1086
129	1124
130	1100
131	1031
132	1038
133	1003
134	919
135	946
136	960
137	910
138	906
139	909
140	871
141	797
142	828
143	805
144	786
145	736
146	762
147	820
148	765
149	774
150	776
151	792
152	707
153	713
154	694
155	640
156	675
157	577
158	652
159	654
160	644
161	594
162	598
163	646
164	597
165	579
166	561
167	559
168	548
169	555
170	540
171	530
172	509
173	533
174	507
175	484
176	523
177	506
178	509
179	469
180	476
181	516
182	477
183	480
184	459
185	455
186	469
187	429
188	416
189	421
190	442
191	433
192	419
193	449
194	427
195	427
196	407
197	424
198	377
199	403
200	412
201	373
202	377
203	405
204	357
205	388
206	413
207	345
208	355
209	337
210	374
211	347
212	357
213	354
214	381
215	341
216	331
217	374
218	358
219	327
220	329
221	311
222	334
223	307
224	308
225	306
226	333
227	316
228	329
229	310
230	328
231	301
232	285
233	320
234	320
235	323
236	325
237	306
238	274
239	279
240	281
241	284
242	269
243	271
244	286
245	287
246	229
247	300
248	268
249	281
250	306
251	278
252	251
253	244
254	258
255	252
256	260
257	229
258	260
259	233
260	268
261	285
262	282
263	232
264	272
265	238
266	222
267	222
268	252
269	224
270	212
271	253
272	226
273	212
274	260
275	223
276	213
277	211
278	245
279	232
280	221
281	219
282	250
283	224
284	212
285	217
286	214
287	211
288	225
289	209
290	218
291	213
292	188
293	233
294	188
295	190
296	202
297	199
298	192
299	196
300	212
301	199
302	183
303	215
304	181
305	196
306	195
307	195
308	199
309	183
310	184
311	196
312	185
313	167
314	181
315	183
316	144
317	171
318	166
319	194
320	152
321	168
322	168
323	146
324	162
325	154
326	149
327	157
328	172
329	169
330	152
331	154
332	198
333	182
334	165
335	137
336	162
337	163
338	177
339	141
340	130
341	184
342	143
343	163
344	176
345	147
346	167
347	156
348	183
349	123
350	137
351	149
352	137
353	143
354	132
355	142
356	150
357	150
358	144
359	134
360	133
361	146
362	132
363	141
364	112
365	149
366	131
367	126
368	135
369	147
370	149
371	120
372	124
373	121
374	138
375	108
376	138
377	129
378	150
379	129
380	119
381	105
382	119
383	119
384	122
385	100
386	126
387	109
388	136
389	105
390	132
391	116
392	123
393	98
394	114
395	141
396	127
397	129
398	119
399	128
400	111
401	118
402	91
403	107
404	111
405	122
406	110
407	99
408	113
409	98
410	112
411	109
412	104
413	111
414	110
415	94
416	126
417	116
418	118
419	114
420	117
421	103
422	113
423	120
424	114
425	120
426	93
427	115
428	93
429	83
430	116
431	85
432	106
433	94
434	102
435	107
436	87
437	103
438	102
439	84
440	89
441	89
442	83
443	87
444	95
445	100
446	86
447	91
448	81
449	103
450	98
451	83
452	87
453	94
454	73
455	98
456	96
457	81
458	91
459	94
460	81
461	92
462	77
463	91
464	74
465	88
466	87
467	86
468	81
469	77
470	101
471	102
472	90
473	96
474	77
475	88
476	62
477	97
478	87
479	79
480	81
481	67
482	70
483	91
484	93
485	81
486	77
487	79
488	91
489	79
490	89
491	98
492	99
493	96
494	90
495	84
496	89
497	72
498	92
499	77
500	83
501	86
502	83
503	90
504	80
505	80
506	89
507	88
508	78
509	82
510	77
511	87
512	64
513	82
514	86
515	71
516	74
517	67
518	67
519	90
520	67
521	83
522	68
523	86
524	83
525	66
526	63
527	86
528	74
529	79
530	81
531	72
532	70
533	84
534	60
535	73
536	84
537	74
538	91
539	52
540	76
541	85
542	84
543	61
544	62
545	70
546	68
547	68
548	66
549	63
550	64
551	81
552	81
553	68
554	75
555	58
556	71
557	59
558	63
559	74
560	70
561	67
562	78
563	70
564	60
565	64
566	80
567	69
568	63
569	48
570	68
571	57
572	67
573	69
574	64
575	72
576	83
577	63
578	76
579	59
580	62
581	64
582	57
583	86
584	86
585	71
586	55
587	69
588	68
589	66
590	59
591	53
592	61
593	65
594	72
595	71
596	65
597	62
598	67
599	71
600	68
601	59
602	59
603	73
604	54
605	64
606	69
607	67
608	50
609	44
610	67
611	66
612	64
613	63
614	58
615	59
616	56
617	61
618	44
619	56
620	56
621	53
622	58
623	58
624	56
625	56
626	55
627	52
628	56
629	65
630	73
631	52
632	56
633	52
634	57
635	62
636	65
637	55
638	56
639	55
640	56
641	51
642	57
643	48
644	56
645	47
646	61
647	55
648	57
649	55
650	44
651	49
652	51
653	59
654	48
655	41
656	60
657	54
658	58
659	58
660	32
661	48
662	54
663	48
664	61
665	60
666	53
667	54
668	44
669	69
670	48
671	53
672	50
673	43
674	42
675	51
676	43
677	40
678	38
679	54
680	54
681	53
682	38
683	47
684	40
685	53
686	39
687	43
688	55
689	53
690	40
691	44
692	45
693	40
694	41
695	36
696	47
697	42
698	45
699	50
700	35
701	40
702	45
703	44
704	48
705	48
706	32
707	43
708	37
709	40
710	50
711	45
712	44
713	43
714	44
715	37
716	46
717	39
718	30
719	32
720	36
721	25
722	37
723	39
724	37
725	35
726	30
727	44
728	33
729	36
730	36
731	27
732	40
733	29
734	31
735	33
736	28
737	32
738	39
739	38
740	38
741	33
742	30
743	36
744	30
745	27
746	20
747	27
748	31
749	39
750	33
751	15
752	24
753	33
754	29
755	21
756	23
757	30
758	26
759	24
760	32
761	17
762	35
763	19
764	23
765	22
766	36
767	34
768	22
769	22
770	19
771	26
772	17
773	20
774	27
775	27
776	24
777	16
778	24
779	18
780	14
781	15
782	18
783	25
784	15
785	16
786	16
787	15
788	21
789	16
790	13
791	16
792	10
793	18
794	11
795	12
796	12
797	16
798	10
799	15
800	13
801	11
802	9
803	4
804	11
805	13
806	8
807	7
808	12
809	7
810	7
811	6
812	10
813	6
814	6
815	9
816	5
817	6
818	3
819	6
820	5
821	5
822	3
823	3
824	3
825	6
826	10
827	3
828	3
829	2
830	3
831	3
832	3
833	0
834	7
835	3
836	2
837	2
838	4
839	2
840	4
841	1
842	0
843	1
844	0
845	0
846	0
847	1
848	3
849	1
850	3
851	2
852	0
853	2
854	1
855	2
856	0
857	1
858	2
859	1
860	1
861	0
862	2
863	2
864	1
865	1
866	0
867	0
868	0
869	0
870	0
871	1
872	1
873	1
874	1
875	1
876	0
877	1
878	0
879	0
880	1
881	0
882	1
883	0
884	1
885	1
886	0
887	0
888	0
889	1
890	0
891	1
892	0
893	1
894	0
895	1
896	0
897	0
898	0
899	0
900	0
901	0
902	0
903	1
904	0
905	0
906	0
907	2
908	0
909	0
910	0
911	0
912	0
913	1
914	0
915	0
916	0
917	0
918	0
919	0
920	0
921	0
922	0
923	0
924	0
925	0
926	0
927	0
928	0
929	0
930	0
931	0
932	1
933	1
934	0
935	0
936	0
937	0
938	0
939	2
940	0
941	0
942	1
943	0
944	0
945	0
946	0
947	0
948	0
949	0
950	0
951	0
952	0
953	0
954	1
955	0
956	0
957	0
958	0
959	0
960	0
961	0
962	0
963	0
964	0
965	0
966	0
967	0
968	0
969	0
970	0
971	0
972	0
973	0
974	0
975	0
976	0
977	0
978	0
979	0
980	0
981	0
982	0
983	0
984	0
985	0
986	0
987	0
988	0
989	0
990	0
991	0
992	0
993	0
994	0
995	0
996	0
997	0
998	0
999	0
1000	0
1001	0
1002	0
1003	0
1004	0
1005	0
1006	0
1007	0
1008	0
1009	0
1010	0
1011	0
1012	0
1013	0
1014	0
1015	0
1016	0
1017	0
1018	0
1019	0
1020	0
1021	0
1022	0
1023	0
