2900,000	600,000	0,397
2900,000	600,000	0,435
2900,000	600,000	0,405
2900,000	600,000	0,400
2900,000	600,000	0,373
2900,000	600,000	0,380
2900,000	600,000	0,373
2900,000	600,000	0,355
2900,000	600,000	0,443
2900,000	600,000	0,390
2900,000	600,000	0,365
2900,000	600,000	0,423
2900,000	600,000	0,398
2900,000	600,000	0,438
2900,000	600,000	0,385
2900,000	600,000	0,448
2900,000	600,000	0,408
2900,000	600,000	0,390
2900,000	600,000	0,385
2900,000	600,000	0,383
2900,000	600,000	0,418
2900,000	600,000	0,447
2900,000	600,000	0,412
2900,000	600,000	0,405
2900,000	600,000	0,427
2900,000	600,000	0,415
2900,000	600,000	0,402
2900,000	600,000	0,362
2900,000	600,000	0,425
2900,000	600,000	0,408
2900,000	600,000	0,400
2900,000	600,000	0,450
2900,000	600,000	0,435
2900,000	600,000	0,422
2900,000	600,000	0,398
2900,000	600,000	0,415
3000,000	600,000	0,443
3000,000	600,000	0,492
3000,000	600,000	0,462
3000,000	600,000	0,482
3000,000	600,000	0,490
3000,000	600,000	0,515
3000,000	600,000	0,460
3000,000	600,000	0,495
3000,000	600,000	0,472
3000,000	600,000	0,445
3000,000	600,000	0,448
3000,000	600,000	0,477
3000,000	600,000	0,435
3000,000	600,000	0,448
3000,000	600,000	0,462
3000,000	600,000	0,470
3000,000	600,000	0,472
3000,000	600,000	0,480
3000,000	600,000	0,497
3000,000	600,000	0,512
3000,000	600,000	0,497
3000,000	600,000	0,430
3000,000	600,000	0,463
3000,000	600,000	0,468
3000,000	600,000	0,453
3000,000	600,000	0,562
3000,000	600,000	0,508
3000,000	600,000	0,470
3000,000	600,000	0,468
3000,000	600,000	0,473
3000,000	600,000	0,512
3000,000	600,000	0,453
3000,000	600,000	0,443
3000,000	600,000	0,477
3000,000	600,000	0,477
3000,000	600,000	0,442
3100,000	600,000	0,518
3100,000	600,000	0,553
3100,000	600,000	0,518
3100,000	600,000	0,505
3100,000	600,000	0,527
3100,000	600,000	0,490
3100,000	600,000	0,510
3100,000	600,000	0,542
3100,000	600,000	0,548
3100,000	600,000	0,538
3100,000	600,000	0,512
3100,000	600,000	0,490
3100,000	600,000	0,540
3100,000	600,000	0,518
3100,000	600,000	0,548
3100,000	600,000	0,540
3100,000	600,000	0,513
3100,000	600,000	0,525
3100,000	600,000	0,522
3100,000	600,000	0,510
3100,000	600,000	0,562
3100,000	600,000	0,568
3100,000	600,000	0,495
3100,000	600,000	0,508
3100,000	600,000	0,497
3100,000	600,000	0,525
3100,000	600,000	0,513
3100,000	600,000	0,545
3100,000	600,000	0,523
3100,000	600,000	0,555
3100,000	600,000	0,545
3100,000	600,000	0,542
3100,000	600,000	0,508
3100,000	600,000	0,505
3100,000	600,000	0,495
3100,000	600,000	0,510
3200,000	600,000	0,570
3200,000	600,000	0,585
3200,000	600,000	0,555
3200,000	600,000	0,565
3200,000	600,000	0,525
3200,000	600,000	0,607
3200,000	600,000	0,567
3200,000	600,000	0,590
3200,000	600,000	0,550
3200,000	600,000	0,590
3200,000	600,000	0,608
3200,000	600,000	0,547
3200,000	600,000	0,595
3200,000	600,000	0,572
3200,000	600,000	0,578
3200,000	600,000	0,540
3200,000	600,000	0,560
3200,000	600,000	0,612
3200,000	600,000	0,517
3200,000	600,000	0,537
3200,000	600,000	0,540
3200,000	600,000	0,575
3200,000	600,000	0,543
3200,000	600,000	0,583
3200,000	600,000	0,505
3200,000	600,000	0,647
3200,000	600,000	0,588
3200,000	600,000	0,563
3200,000	600,000	0,615
3200,000	600,000	0,570
3200,000	600,000	0,583
3200,000	600,000	0,562
3200,000	600,000	0,513
3200,000	600,000	0,545
3200,000	600,000	0,605
3200,000	600,000	0,532
3300,000	600,000	0,587
3300,000	600,000	0,612
3300,000	600,000	0,593
3300,000	600,000	0,637
3300,000	600,000	0,598
3300,000	600,000	0,642
3300,000	600,000	0,703
3300,000	600,000	0,653
3300,000	600,000	0,582
3300,000	600,000	0,587
3300,000	600,000	0,605
3300,000	600,000	0,590
3300,000	600,000	0,562
3300,000	600,000	0,567
3300,000	600,000	0,583
3300,000	600,000	0,645
3300,000	600,000	0,583
3300,000	600,000	0,597
3300,000	600,000	0,672
3300,000	600,000	0,583
3300,000	600,000	0,623
3300,000	600,000	0,618
3300,000	600,000	0,588
3300,000	600,000	0,613
3300,000	600,000	0,570
3300,000	600,000	0,643
3300,000	600,000	0,658
3300,000	600,000	0,548
3300,000	600,000	0,618
3300,000	600,000	0,643
3300,000	600,000	0,607
3300,000	600,000	0,630
3300,000	600,000	0,623
3300,000	600,000	0,590
3300,000	600,000	0,630
3300,000	600,000	0,665
3400,000	600,000	0,695
3400,000	600,000	0,617
3400,000	600,000	0,622
3400,000	600,000	0,697
3400,000	600,000	0,695
3400,000	600,000	0,657
3400,000	600,000	0,665
3400,000	600,000	0,653
3400,000	600,000	0,617
3400,000	600,000	0,603
3400,000	600,000	0,600
3400,000	600,000	0,680
3400,000	600,000	0,668
3400,000	600,000	0,643
3400,000	600,000	0,605
3400,000	600,000	0,678
3400,000	600,000	0,618
3400,000	600,000	0,628
3400,000	600,000	0,670
3400,000	600,000	0,605
3400,000	600,000	0,648
3400,000	600,000	0,592
3400,000	600,000	0,653
3400,000	600,000	0,685
3400,000	600,000	0,703
3400,000	600,000	0,673
3400,000	600,000	0,670
3400,000	600,000	0,568
3400,000	600,000	0,637
3400,000	600,000	0,658
3400,000	600,000	0,650
3400,000	600,000	0,635
3400,000	600,000	0,680
3400,000	600,000	0,633
3400,000	600,000	0,635
3400,000	600,000	0,647
3500,000	600,000	0,667
3500,000	600,000	0,720
3500,000	600,000	0,658
3500,000	600,000	0,695
3500,000	600,000	0,620
3500,000	600,000	0,630
3500,000	600,000	0,672
3500,000	600,000	0,682
3500,000	600,000	0,638
3500,000	600,000	0,690
3500,000	600,000	0,732
3500,000	600,000	0,712
3500,000	600,000	0,682
3500,000	600,000	0,627
3500,000	600,000	0,700
3500,000	600,000	0,750
3500,000	600,000	0,630
3500,000	600,000	0,708
3500,000	600,000	0,680
3500,000	600,000	0,673
3500,000	600,000	0,627
3500,000	600,000	0,710
3500,000	600,000	0,667
3500,000	600,000	0,625
3500,000	600,000	0,665
3500,000	600,000	0,655
3500,000	600,000	0,698
3500,000	600,000	0,632
3500,000	600,000	0,725
3500,000	600,000	0,650
3500,000	600,000	0,667
3500,000	600,000	0,668
3500,000	600,000	0,657
3500,000	600,000	0,625
3500,000	600,000	0,638
3500,000	600,000	0,683
3600,000	600,000	0,778
3600,000	600,000	0,662
3600,000	600,000	0,677
3600,000	600,000	0,757
3600,000	600,000	0,705
3600,000	600,000	0,748
3600,000	600,000	0,785
3600,000	600,000	0,757
3600,000	600,000	0,755
3600,000	600,000	0,822
3600,000	600,000	0,738
3600,000	600,000	0,708
3600,000	600,000	0,783
3600,000	600,000	0,800
3600,000	600,000	0,778
3600,000	600,000	0,727
3600,000	600,000	0,773
3600,000	600,000	0,695
3600,000	600,000	0,770
3600,000	600,000	0,707
3600,000	600,000	0,742
3600,000	600,000	0,775
3600,000	600,000	0,732
3600,000	600,000	0,670
3600,000	600,000	0,808
3600,000	600,000	0,697
3600,000	600,000	0,770
3600,000	600,000	0,708
3600,000	600,000	0,750
3600,000	600,000	0,705
3600,000	600,000	0,750
3600,000	600,000	0,735
3600,000	600,000	0,718
3600,000	600,000	0,812
3600,000	600,000	0,687
3600,000	600,000	0,803
3700,000	600,000	0,920
3700,000	600,000	0,822
3700,000	600,000	0,807
3700,000	600,000	0,797
3700,000	600,000	0,873
3700,000	600,000	0,817
3700,000	600,000	0,775
3700,000	600,000	0,817
3700,000	600,000	0,827
3700,000	600,000	0,818
3700,000	600,000	0,728
3700,000	600,000	0,837
3700,000	600,000	0,838
3700,000	600,000	0,800
3700,000	600,000	0,835
3700,000	600,000	0,805
3700,000	600,000	0,842
3700,000	600,000	0,855
3700,000	600,000	0,773
3700,000	600,000	0,778
3700,000	600,000	0,790
3700,000	600,000	0,828
3700,000	600,000	0,815
3700,000	600,000	0,770
3700,000	600,000	0,773
3700,000	600,000	0,782
3700,000	600,000	0,805
3700,000	600,000	0,792
3700,000	600,000	0,823
3700,000	600,000	0,712
3700,000	600,000	0,818
3700,000	600,000	0,855
3700,000	600,000	0,803
3700,000	600,000	0,823
3700,000	600,000	0,802
3700,000	600,000	0,788
3800,000	600,000	0,930
3800,000	600,000	1,032
3800,000	600,000	0,890
3800,000	600,000	0,928
3800,000	600,000	0,858
3800,000	600,000	0,898
3800,000	600,000	0,947
3800,000	600,000	0,868
3800,000	600,000	0,858
3800,000	600,000	1,015
3800,000	600,000	0,903
3800,000	600,000	0,900
3800,000	600,000	0,853
3800,000	600,000	0,973
3800,000	600,000	0,908
3800,000	600,000	0,880
3800,000	600,000	0,980
3800,000	600,000	0,952
3800,000	600,000	0,937
3800,000	600,000	0,815
3800,000	600,000	0,888
3800,000	600,000	0,808
3800,000	600,000	0,887
3800,000	600,000	0,925
3800,000	600,000	0,990
3800,000	600,000	0,937
3800,000	600,000	1,043
3800,000	600,000	0,940
3800,000	600,000	0,928
3800,000	600,000	0,992
3800,000	600,000	0,910
3800,000	600,000	0,980
3800,000	600,000	0,923
3800,000	600,000	0,842
3800,000	600,000	0,965
3800,000	600,000	0,922
