Vernier Format 2
lampe_vor_neueinstellung.cmbl 21.10.2014 11:58:38 ,
Latest
Time	Winkel	Pyro	Sample	Wellenlänge	Energie
t	Pot	Pot	Pot	Lambda	E
s	°	V	V	nm	eV

0	83,789977831	0,00610501	0,034188	1642,05478187	0,754542426771
0,5	83,2679260942	0,00610501	0,02442	1640,35864347	0,755322627115
1	83,0069002258	0,00610501	0,019536	1639,45949703	0,755736876845
1,5	82,4847950439	0,00610501	0,015873	1637,55894144	0,756613987224
2	82,2237691755	0,00610501	0,00732601	1636,5577663	0,757076850886
2,5	81,7017174387	0,00610501	0,014652	1634,4535376	0,758051527006
3	81,4406915703	0,00610501	0,00732601	1633,35052773	0,758563443035
3,5	80,9186398335	0,00610501	0,00610501	1631,0428314	0,759636703675
4	80,6576139651	0,00610501	0,013431	1629,83819284	0,760198162887
4,5	80,0703057612	0,00732601	0,00732601	1627,00411474	0,761522351896
5	79,8092798928	0,00610501	0,010989	1625,68963295	0,762138095052
5,5	79,287228156	0,00610501	0,017094	1622,95947417	0,763420171434
6	79,0262022876	0,00610501	0,00732601	1621,54385384	0,764086643147
6,5	78,5041505508	0,00732601	0,017094	1618,61167823	0,765470814687
7	78,2431246824	0,015873	0,020757	1617,0951838	0,766188664965
7,5	77,7210729456	0,00610501	0,00732601	1613,96153907	0,767676285964
8	77,1990212088	0,00610501	0,029304	1610,69390445	0,769233680328
8,5	76,9379953404	0,00610501	0,025641	1609,00992527	0,770038755223
9	76,3506871365	0,00610501	0,019536	1605,09892649	0,771915038725
9,5	76,0896612681	0,00610501	0,028083	1603,30654536	0,772777984091
10	75,5676095313	0,00610501	0,018315	1599,62199147	0,774557993454
10,5	75,3065836629	0,00732601	0,013431	1597,7298952	0,775475256314
11	74,7845319261	0,00732601	0,021978	1593,84626034	0,777364812926
11,5	74,5235060577	0,00732601	0,019536	1591,85480235	0,778337319565
12	74,0014543209	0,00610501	0,00732601	1587,77281194	0,780338339767
12,5	73,7404284525	0,014652	0,017094	1585,68236424	0,781367080787
13	73,1531202486	0,00610501	0,01221	1580,85859431	0,783751313658
13,5	72,8920943802	0,00610501	0,00732601	1578,66134896	0,78484217075
14	72,3700426434	0,00610501	0,00976801	1574,16860958	0,787082141305
14,5	71,9785038408	0,00610501	0,00854701	1570,71327134	0,78881360628
15	71,5869650382	0,00610501	0,00610501	1567,1845832	0,790589706713
15,5	71,0649133014	0,00610501	0,00976801	1562,36585113	0,793028085646
16	70,803887433	0,00610501	0,00976801	1559,90781975	0,794277703023
16,5	70,2818356962	0,00488401	0,00610501	1554,89468139	0,796838535
17	70,0208098278	0,00610501	0,00854701	1552,33967846	0,798150055166
17,5	69,4335016239	0,00610501	0,010989	1546,47320416	0,801177800347
18	68,9767063542	0,00610501	0,00610501	1541,79802017	0,803607206516
18,5	68,6504240187	0,00610501	0,00854701	1538,39858587	0,805382955612
19	68,1283722819	0,00610501	0,014652	1532,85576721	0,808295226796
19,5	67,8673464135	0,00610501	0,00854701	1530,0366075	0,809784546284
20	67,3452946767	0,00610501	0,017094	1524,30307988	0,812830477318
20,5	67,0842688083	0,00610501	0,031746	1521,38883098	0,814387469378
21	66,5622170715	0,00610501	0,020757	1515,46566539	0,817570485623
21,5	66,3011912031	0,00610501	0,020757	1512,45687165	0,819196912802
22	65,7791394663	0,00976801	0,034188	1506,34517449	0,822520642004
22,5	65,4528571308	0,00610501	0,02442	1502,4618263	0,824646575581
23	64,930805394	0,00732601	0,01221	1496,14717598	0,828127085283
23,5	64,4087536572	0,00976801	0,023199	1489,70831664	0,831706439549
24	64,1477277888	0,00610501	0,00976801	1486,44247523	0,833533769819
24,5	63,625676052	0,00610501	0,00732601	1479,81830785	0,837264948964
25	63,3646501836	0,014652	0,014652	1476,46011936	0,839169296719
25,5	62,7773419797	0,00610501	0,01221	1468,79226103	0,843550196219
26	62,5163161113	0,00610501	0,00732601	1465,33473828	0,845540590578
26,5	61,9942643745	0,00610501	0,010989	1458,32852645	0,849602800418
27	61,7332385061	0,00732601	0,00976801	1454,77998278	0,85167517746
27,5	61,2111867693	0,00610501	0,00610501	1447,59238819	0,855903920265
28	60,9501609009	0,00610501	0,013431	1443,95348645	0,858060880511
28,5	60,4281091641	0,00610501	0,00732601	1436,58585169	0,862461507986
29	59,9713138944	0,00610501	0,00732601	1430,04131614	0,866408533806
29,5	59,6450315589	0,00610501	0,00976801	1425,31097287	0,869283983345
30	59,057723355	0,00610501	0,00732601	1416,67997915	0,874580016822
30,5	58,7966974866	0,00610501	0,00732601	1412,7961478	0,876984271176
31	58,2746457498	0,00610501	0,01221	1404,9405989	0,881887818582
31,5	58,0136198814	0,00610501	0,00732601	1400,96904439	0,884387849227
32	57,4915681446	0,00610501	0,00610501	1392,93878739	0,889486322883
32,5	57,1652858091	0,00610501	0,00854701	1387,86111024	0,892740628623
33	56,7084905394	0,00610501	0,013431	1380,67678648	0,897385986446
33,5	56,1211823355	0,00610501	0,00732601	1371,31091252	0,903515015219
34	55,8601564671	0,00610501	0,015873	1367,1019933	0,906296681647
34,5	55,337944395	0,00610501	0,032967	1358,5964917	0,911970557532
35	55,077132307	0,00610501	0,026862	1354,30622546	0,914859561824
35,5	54,489770658	0,00610501	0,020757	1344,54170999	0,921503580583
36	54,22895857	0,00732601	0,031746	1340,16051168	0,924516122659
36,5	53,706799943	0,00732601	0,015873	1331,30577843	0,93066523114
37	53,510656426	0,00610501	0,014652	1327,95098107	0,933016367063
37,5	52,923829228	0,00610501	0,023199	1317,82123788	0,940188217027
38	52,662482689	0,00610501	0,01221	1313,2653487	0,943449852863
38,5	52,140324062	0,00610501	0,00732601	1304,08115054	0,950094247962
39	51,879511974	0,00610501	0,021978	1299,4531435	0,95347801204
39,5	51,357353347	0,00610501	0,00732601	1290,10682695	0,960385585221
40	51,096541259	0,00610501	0,00610501	1285,39827749	0,963903578915
40,5	50,50917961	0,00610501	0,017094	1274,69700941	0,971995690626
41	49,987020983	0,00610501	0,00732601	1265,07117645	0,979391533899
41,5	49,726208895	0,00488401	0,00610501	1260,22378906	0,983158714155
42	49,204050268	0,00610501	0,010989	1250,44070958	0,990850658102
42,5	48,942703729	0,00610501	0,01221	1245,5051139	0,994777127907
43	48,421079553	0,00610501	0,00732601	1235,57673451	1,00277058106
43,5	48,159733014	0,00610501	0,023199	1230,56381224	1,00685554676
44	47,637574387	0,00610501	0,025641	1220,47164524	1,01518130703
44,5	47,376762299	0,00610501	0,014652	1215,39271422	1,01942358672
45	46,78940065	0,00610501	0,00854701	1203,86265222	1,02918717323
45,5	46,528588562	0,00854701	0,015873	1198,70220943	1,03361784958
46	46,006429935	0,00610501	0,00854701	1188,29621501	1,04266931456
46,5	45,745617847	0,00610501	0,00610501	1183,06153002	1,04728280699
47	45,22345922	0,00610501	0,00976801	1172,50787453	1,05670932104
47,5	44,701300593	0,00610501	0,014652	1161,85683844	1,06639644318
48	44,440488505	0,00610501	0,01221	1156,50057908	1,07133539093
48,5	43,853126856	0,00610501	0,025641	1144,35043735	1,08271029535
49	43,656983339	0,00732601	0,039072	1140,26617092	1,08658840506
49,5	43,06962169	0,00610501	0,013431	1127,95589618	1,09844720365
50	42,808809602	0,00610501	0,010989	1122,45156034	1,10383382569
50,5	42,286650975	0,00610501	0,014652	1111,36183031	1,11484843748
51	42,025838887	0,00610501	0,00610501	1105,78801674	1,12046792083
51,5	41,50368026	0,00610501	0,00610501	1094,56022794	1,13196146577
52	40,981521633	0,00610501	0,010989	1083,24153235	1,14378923167
52,5	40,655506523	0,00610501	0,015873	1076,12890683	1,15134905506
53	40,133347896	0,00610501	0,00732601	1064,66455286	1,16374683149
53,5	39,872535808	0,00610501	0,018315	1058,90506952	1,17007655895
54	39,350377181	0,00732601	0,019536	1047,30848389	1,18303252485
54,5	39,089030642	0,00610501	0,019536	1041,47153287	1,18966285769
55	38,567406466	0,00610501	0,02442	1029,75683979	1,20319666947
55,5	38,306059927	0,00732601	0,031746	1023,85533587	1,21013189715
56	37,7839013	0,00732601	0,014652	1012,00072133	1,22430742773
56,5	37,196539651	0,00610501	0,020757	998,565397455	1,24078002618
57	36,935727563	0,00732601	0,013431	992,565847278	1,24827990344
57,5	36,413568936	0,00610501	0,00610501	980,492771881	1,26365031496
58	36,152756848	0,00610501	0,00610501	974,431854164	1,27151015713
58,5	35,630598221	0,00610501	0,01221	962,237048388	1,28762450175
59	35,369786133	0,00488401	0,00976801	956,11589495	1,29586800778
59,5	34,782424484	0,00610501	0,00732601	942,258402961	1,31492592277
60	34,325468879	0,00610501	0,021978	931,408991377	1,33024268766
60,5	33,999453769	0,00732601	0,032967	923,632223604	1,34144302065
61	33,477295142	0,00610501	0,021978	911,114448797	1,35987306714
61,5	33,215948603	0,00610501	0,019536	904,820674549	1,36933210619
62	32,694324427	0,00732601	0,020757	892,202713197	1,38869786168
62,5	32,367774866	0,00610501	0,00610501	884,265855138	1,4011623233
63	31,910819261	0,00732601	0,00854701	873,11128817	1,41906308713
63,5	31,584804151	0,00732601	0,013431	865,119072584	1,43217279478
64	31,062645524	0,00610501	0,00732601	852,260177947	1,45378140627
64,5	30,801833436	0,00610501	0,00732601	845,810737076	1,46486671981
65	30,279674809	0,00732601	0,017094	832,846105976	1,48766980011
65,5	30,01832827	0,00732601	0,00610501	826,331113586	1,49939894508
66	29,496704094	0,00610501	0,00732601	813,276507728	1,52346709665
66,5	29,235357555	0,00610501	0,010989	806,71041454	1,53586711869
67	28,713198928	0,00610501	0,00976801	793,54152486	1,56135496529
67,5	28,12637173	0,00610501	0,00976801	778,663086601	1,59118882264
68	27,865025191	0,00610501	0,025641	772,01051482	1,60490042067
68,5	27,342866564	0,00854701	0,029304	758,671008783	1,63311894834
69	27,082054476	0,00610501	0,014652	751,984416562	1,64764052647
69,5	26,494692827	0,00610501	0,018315	736,869035423	1,68143854666
70	26,037737222	0,00732601	0,018315	725,055932703	1,70883368319
70,5	25,711722112	0,00610501	0,00732601	716,599638289	1,72899891906
71	25,450375573	0,00610501	0,00976801	709,803972729	1,74555236037
71,5	24,928751397	0,00610501	0,01221	696,196422828	1,77967016114
72	24,40659277	0,00610501	0,00610501	682,517139365	1,81533902746
72,5	24,145246231	0,00610501	0,00732601	675,649139768	1,83379201878
73	23,623622055	0,00610501	0,031746	661,899343727	1,87188582636
73,5	23,362275516	0,00610501	0,031746	654,989657451	1,8916329226
74	22,774913867	0,00732601	0,013431	639,411014279	1,93772076541
74,5	22,514101779	0,00610501	0,00732601	632,471832101	1,95898052232
75	21,991943152	0,010989	0,013431	618,540009313	2,00310405365
75,5	21,404581503	0,00610501	0,00732601	602,807154251	2,05538370151
76	21,208972437	0,00610501	0,00732601	597,553497745	2,07345451859
76,5	20,68681381	0,00610501	0,026862	583,495449496	2,1234098759
77	20,426001722	0,00732601	0,032967	576,455398609	2,14934234806
77,5	19,838640073	0,00610501	0,01221	560,55734099	2,21030019482
78	19,577293534	0,00610501	0,014652	553,464464164	2,23862610921
78,5	19,055669358	0,00732601	0,017094	539,273438531	2,29753574249
79	18,794322819	0,00610501	0,00610501	532,146504911	2,32830618742
79,5	18,20696117	0,00610501	0,010989	516,088944256	2,40074896738
80	18,011352104	0,00610501	0,015873	510,72917224	2,42594327355
80,5	17,423990455	0,00610501	0,018315	494,599689094	2,50505616425
81	17,228381389	0,00610501	0,026862	489,216465639	2,53262121581
81,5	16,64101974	0,020757	0,028083	473,018072034	2,61935023893
82	16,380207652	0,00610501	0,00732601	465,809298245	2,65988679202
82,5	15,858049025	0,00610501	0,00732601	451,348123241	2,74510945366
83	15,335890398	0,00732601	0,013431	436,849462307	2,8362172943
83,5	15,009340837	0,00610501	0,00610501	427,763717676	2,89645883651
84	14,487716661	0,00610501	0,00732601	413,221615759	2,99839106365
84,5	14,226370122	0,00610501	0,00976801	405,922711059	3,05230519565
85	13,704211495	0,00610501	0,00610501	391,314685653	3,16624968453
85,5	13,443399407	0,00610501	0,00732601	384,005902146	3,22651290794
86	12,92124078	0,00732601	0,01221	369,349598628	3,35454540794
86,5	12,660428692	0,00610501	0,00732601	362,017383696	3,42248758154
87	12,138270065	0,00610501	0,00732601	347,315538995	3,56736126344
87,5	11,550908416	0,00610501	0,018315	330,743431923	3,7461061367
88	11,35529935	0,00610501	0,017094	325,21662141	3,80976837723
88,5	10,767937701	0,00610501	0,014652	308,598568245	4,01492465453
89	10,507125613	0,00610501	0,031746	301,208985963	4,11342309738
89,5	9,984966986	0,00610501	0,025641	286,396076651	4,32617658206
90	9,723620447	0,00610501	0,014652	278,973032212	4,44128950449
90,5	9,136258798	0,00732601	0,021978	262,269210653	4,72415346397
91	8,87544671	0,00732601	0,014652	254,843104206	4,86181489533
91,5	8,353288083	0,00610501	0,00610501	239,959959616	5,16336142906
92	7,831129456	0,00610501	0,00732601	225,056885571	5,50527479688
92,5	7,570317368	0,00610501	0,013431	217,605898285	5,69377948744
93	7,048158741	0,00610501	0,00854701	202,675260257	6,11322762545
93,5	6,787346653	0,00610501	0,013431	195,211201073	6,34697186017
94	6,265188026	0,00610501	0,037851	180,255787221	6,87356572071
94,5	5,939172916	0,00610501	0,02442	170,910550219	7,24940618594
95	5,417014289	0,00610501	0,023199	155,93144876	7,94579932306
95,5	5,15566775	0,00976801	0,021978	148,429291231	8,34740898997
96	4,633509123	0,014652	0,015873	133,431224725	9,28568258708
96,5	4,307494013	0,00610501	0,00610501	124,061328939	9,98699603333
97	3,785335386	0,00732601	0,010989	109,045893505	11,3621885261
97,5	3,263176759	0,00610501	0,00732601	94,021401456	13,1778507958
98	3,002364671	0,00610501	0,00610501	86,5138422387	14,3214076261
98,5	2,480206044	0,00610501	0,00854701	71,4781085161	17,3339785526
99	2,219393956	0,00610501	0,013431	63,9656353153	19,3697755661
99,5	1,697235329	0,00488401	0,017094	48,9214677032	25,3263047527
100	1,436423241	0,00610501	0,028083	41,4054834036	29,9235728737
100,5	0,914264614	0,00976801	0,032967	26,3556912606	47,0107191555
101	0,326902965	0,00610501	0,018315	9,42404680084	131,472182406
101,5	0,065556426	0,00610501	0,013431	1,88988816255	655,594349208
102	-0,45606775	0,00854701	0,031746	-13,147576537	-94,237899777
102,5	-0,717414289	0,00610501	0,018315	-20,6813843127	-59,9089490948
103	-1,239572916	0,00610501	0,021978	-35,7321484639	-34,6746572278
103,5	-1,565588026	0,010989	0,031746	-45,1278223578	-27,4553465083
104	-2,022543631	0,00732601	0,014652	-58,2946408516	-21,2540978364
104,5	-2,283355719	0,00732601	0,014652	-65,8081288395	-18,8274613159
105	-2,870717368	0,00854701	0,023199	-82,7236420444	-14,9775804036
105,5	-3,131529456	0,00732601	0,00976801	-90,2321255633	-13,7312513948
106	-3,653688083	0,00610501	0,00610501	-105,258704044	-11,7709980496
106,5	-3,915034622	0,00610501	0,01221	-112,776478692	-10,9863334479
107	-4,436658798	0,00610501	0,00610501	-127,774109958	-9,69680008267
107,5	-4,958817425	0,00610501	0,00732601	-142,776500599	-8,67789863741
108	-5,285366986	0,00610501	0,010989	-152,152805337	-8,14312951546
108,5	-5,807525613	0,00610501	0,00976801	-167,135289253	-7,41315616549
109	-6,003134679	0,00610501	0,00732601	-172,74446271	-7,17244408627
109,5	-6,590496328	0,00610501	0,020757	-189,574946684	-6,53567373575
110	-6,851308416	0,00610501	0,025641	-197,042073157	-6,2879971782
110,5	-7,373467043	0,00610501	0,017094	-211,979202754	-5,84491300987
111	-7,960828692	0,00610501	0,026862	-228,76046031	-5,41614577241
111,5	-8,22164078	0,00854701	0,032967	-236,2044077	-5,24545672989
112	-8,743799407	0,00610501	0,023199	-251,092693533	-4,93443270916
112,5	-9,004611495	0,00610501	0,026862	-258,521484646	-4,79263842113
113	-9,526770122	0,014652	0,021978	-273,378037528	-4,53218558157
113,5	-9,853319683	0,00610501	0,017094	-282,657624016	-4,38339494401
114	-10,309740837	0,00732601	0,032967	-295,612330712	-4,19130012951
114,5	-10,636290398	0,00610501	0,023199	-304,869398182	-4,06403531279
115	-11,158449025	0,00732601	0,017094	-319,650913316	-3,87610342528
115,5	-11,419261113	0,00732601	0,020757	-327,024240819	-3,78870996504
116	-11,94141974	0,00732601	0,01221	-341,76548841	-3,62529290411
116,5	-12,528781389	0,00610501	0,020757	-358,313522374	-3,45786559153
117	-12,724390455	0,00732601	0,030525	-363,816241972	-3,40556538456
117,5	-13,311752104	0,00976801	0,018315	-380,31369505	-3,25783692811
118	-13,572564192	0,00732601	0,015873	-387,626513846	-3,1963757786
118,5	-14,094722819	0,00732601	0,020757	-402,242847674	-3,08022879006
119	-14,356069358	0,00610501	0,00976801	-409,546025646	-3,02530099772
119,5	-14,877693534	0,00732601	0,010989	-424,096885182	-2,92150223992
120	-15,399852161	0,00732601	0,019536	-438,627448373	-2,82472062475
120,5	-15,6611987	0,00610501	0,01221	-445,886561933	-2,77873366407
121	-16,182822876	0,00610501	0,00610501	-460,347213218	-2,69144672635
121,5	-16,509372437	0,00610501	0,00976801	-469,380592786	-2,63964897365
122	-17,031531064	0,00610501	0,00854701	-483,793326007	-2,56101093875
122,5	-17,292343152	0,00610501	0,010989	-490,977344091	-2,52353803065
123	-17,814501779	0,00610501	0,020757	-505,329379727	-2,45186614851
123,5	-18,140516889	0,00610501	0,032967	-514,269014037	-2,40924490137
124	-18,597472494	0,00610501	0,019536	-526,771067877	-2,3520653953
124,5	-19,054428099	0,00610501	0,021978	-539,239615735	-2,29767985112
125	-19,380443209	0,019536	0,023199	-548,114386423	-2,2604770659
125,5	-19,967804858	0,00610501	0,00976801	-564,058542232	-2,19658050935
126	-20,163948375	0,00610501	0,00976801	-569,369812786	-2,17609007744
126,5	-20,750775573	0,00610501	0,020757	-585,220116616	-2,11715210196
127	-21,012122112	0,00610501	0,00732601	-592,259472469	-2,09198849085
127,5	-21,599483761	0,00610501	0,00854701	-608,03483942	-2,03771218304
128	-22,055904915	0,00610501	0,018315	-620,249370679	-1,99758364711
128,5	-22,382454476	0,00732601	0,00854701	-628,964229926	-1,96990534763
129	-22,904613103	0,00610501	0,019536	-642,85687636	-1,92733413231
129,5	-23,165425191	0,00854701	0,029304	-649,776167204	-1,90681047188
130	-23,687583818	0,00732601	0,013431	-663,588323214	-1,86712146169
130,5	-23,948395906	0,00610501	0,034188	-670,466764816	-1,84796631991
131	-24,470554533	0,00610501	0,031746	-684,195851111	-1,81088499439
131,5	-24,731901072	0,00610501	0,010989	-691,046153162	-1,79293379224
132	-25,253525248	0,00610501	0,029304	-704,675611787	-1,75825582619
132,5	-25,514871787	0,00732601	0,025641	-711,482414103	-1,74143446899
133	-26,037030414	0,00610501	0,018315	-725,037624562	-1,70887683346
133,5	-26,623857612	0,00610501	0,025641	-740,199707265	-1,67387258849
134	-26,820001129	0,00610501	0,026862	-745,250308443	-1,66252866448
134,5	-27,407362778	0,00610501	0,015873	-760,322116928	-1,62957248305
135	-27,668174866	0,00610501	0,021978	-766,989079953	-1,61540761451
135,5	-28,190333493	0,00976801	0,019536	-780,288769827	-1,58787367948
136	-28,451145581	0,00610501	0,00732601	-786,907608263	-1,57451775404
136,5	-29,03850723	0,00732601	0,015873	-801,753640112	-1,54536248794
137	-29,234116296	0,00732601	0,019536	-806,679188885	-1,5359265704
137,5	-29,821477945	0,00610501	0,00732601	-821,412559598	-1,50837722838
138	-30,082824484	0,00610501	0,01221	-827,940514343	-1,49648432289
138,5	-30,604983111	0,00732601	0,020757	-840,931349051	-1,47336640666
139	-31,126607287	0,00732601	0,00610501	-853,839152576	-1,45109297959
139,5	-31,453156848	0,00610501	0,00976801	-861,883803616	-1,43754876794
140	-31,910112453	0,00732601	0,014652	-873,093991353	-1,41909120011
140,5	-32,236127563	0,00610501	0,00610501	-881,058000274	-1,40626383236
141	-32,75828619	0,00610501	0,00732601	-893,753931597	-1,38628760803
141,5	-33,019098278	0,00610501	0,014652	-900,067667532	-1,37656316819
142	-33,541256905	0,00610501	0,00732601	-912,651900132	-1,35758222803
142,5	-33,867806466	0,00610501	0,00610501	-920,483417492	-1,34603185289
143	-34,32422762	0,00732601	0,013431	-931,379439401	-1,33028489527
143,5	-34,781183225	0,00610501	0,00610501	-942,229012848	-1,31496693808
144	-35,107198335	0,00610501	0,00732601	-949,933052208	-1,30430244228
144,5	-35,694559984	0,00610501	0,014652	-963,735165327	-1,28562290199
145	-35,890703501	0,00610501	0,00610501	-968,321755967	-1,27953337035
145,5	-36,47806515	0,00610501	0,00732601	-981,988447636	-1,26172563739
146	-36,673674216	0,00610501	0,013431	-986,51703024	-1,25593371632
146,5	-37,261035865	0,00610501	0,00732601	-1000,04583983	-1,23894320705
147	-37,652253997	0,00610501	0,00732601	-1008,99861509	-1,22795014925
147,5	-38,04400658	0,00610501	0,020757	-1017,91648275	-1,217192197
148	-38,566165207	0,00610501	0,00732601	-1029,72886128	-1,20322936123
148,5	-38,826977295	0,00488401	0,00732601	-1035,59703922	-1,19641130003
149	-39,349135922	0,00610501	0,014652	-1047,28081284	-1,18306378271
149,5	-39,675151032	0,00610501	0,010989	-1054,53165141	-1,17492917196
150	-40,132106637	0,00488401	0,015873	-1064,63719444	-1,16377673678
150,5	-40,458656198	0,00610501	0,025641	-1071,81736641	-1,1559805232
151	-40,980814825	0,00610501	0,017094	-1083,22614988	-1,14380547418
151,5	-41,241626913	0,00610501	0,023199	-1088,89107082	-1,13785486281
152	-41,76378554	0,00610501	0,023199	-1100,16459963	-1,126195117
152,5	-42,285944167	0,00610501	0,00854701	-1111,34675619	-1,1148635591
153	-42,546756255	0,00610501	0,018315	-1116,89760386	-1,10932282039
153,5	-43,134117904	0,00610501	0,00732601	-1129,31346313	-1,09712674155
154	-43,32972697	0,00488401	0,00732601	-1133,42203783	-1,09314973473
154,5	-43,982291641	0,00610501	0,018315	-1147,0326953	-1,08017845096
155	-44,177900707	0,00610501	0,00610501	-1151,08364341	-1,07637703575
155,5	-44,700059334	0,00610501	0,00732601	-1161,83140382	-1,06641978856
156	-45,287420983	0,00610501	0,014652	-1173,8058948	-1,05554078872
156,5	-45,548233071	0,00610501	0,00610501	-1179,08357403	-1,05081609759
157	-46,070391698	0,00610501	0,00732601	-1189,57621779	-1,04154738593
157,5	-46,331738237	0,00610501	0,015873	-1194,79086377	-1,0370015687
158	-46,853362413	0,00610501	0,00610501	-1205,12439847	-1,02810963049
158,5	-47,114708952	0,00610501	0,00854701	-1210,26424754	-1,02374337053
159	-47,636867579	0,00732601	0,013431	-1220,45791532	-1,01519272762
159,5	-48,159026206	0,00610501	0,00732601	-1230,5502201	-1,00686666806
160	-48,419838294	0,00732601	0,018315	-1235,55298643	-1,00278985491
160,5	-48,941996921	0,015873	0,025641	-1245,49173047	-0,994787817285
161	-49,268012031	0,00610501	0,017094	-1251,64468481	-0,989897544433
161,5	-49,790170658	0,00610501	0,03663	-1261,41498678	-0,982230283438
162	-50,181923241	0,00610501	0,014652	-1268,67647207	-0,976608321568
162,5	-50,573141373	0,00610501	0,00976801	-1275,86886233	-0,971102937442
163	-51,0953	0,00610501	0,019536	-1285,37580476	-0,963920431216
163,5	-51,421849561	0,00610501	0,00732601	-1291,26708511	-0,959522638105
164	-51,878270715	0,00610501	0,00610501	-1299,43105339	-0,953494221001
164,5	-52,204820276	0,00732601	0,014652	-1305,22144664	-0,94926420585
165	-52,66124143	0,00610501	0,00610501	-1313,24364534	-0,943465444811
165,5	-52,987790991	0,00610501	0,013431	-1318,93207018	-0,939396370754
166	-53,509949618	0,00854701	0,018315	-1327,93886381	-0,933024880709
166,5	-54,032108245	0,00610501	0,010989	-1336,83536781	-0,926815694616
167	-54,292920333	0,00732601	0,025641	-1341,23753375	-0,923773730474
167,5	-54,880281982	0,00610501	0,021978	-1351,0495194	-0,917064831607
168	-55,075891048	0,00610501	0,017094	-1354,28574002	-0,914873400335
168,5	-55,663252697	0,00732601	0,020757	-1363,90823306	-0,908418887699
169	-56,120208302	0,00610501	0,00732601	-1371,29525954	-0,90352532861
169,5	-56,446223412	0,00610501	0,00732601	-1376,51224953	-0,900100961998
170	-56,968382039	0,00732601	0,01221	-1384,77506398	-0,894730149486
170,5	-57,229194127	0,00610501	0,00610501	-1388,85921511	-0,892099059803
171	-57,751352754	0,00732601	0,01221	-1396,9493193	-0,88693267743
171,5	-58,208308359	0,00610501	0,018315	-1403,93402421	-0,882520103252
172	-58,534323469	0,00732601	0,015873	-1408,86270731	-0,87943274641
172,5	-59,056482096	0,013431	0,031746	-1416,66157985	-0,874591375687
173	-59,383031657	0,00610501	0,026862	-1421,47911011	-0,871627300876
173,5	-59,905190284	0,00610501	0,010989	-1429,08641781	-0,86698745755
174	-60,166002372	0,00610501	0,030525	-1432,84176943	-0,864715160064
174,5	-60,688160999	0,00610501	0,00732601	-1440,27086893	-0,860254849786
175	-60,948973087	0,00610501	0,00854701	-1443,93685885	-0,858070761477
175,5	-61,471131714	0,00732601	0,015873	-1451,18636283	-0,853784208379
176	-61,993290341	0,00610501	0,00610501	-1458,31534106	-0,849610482117
176,5	-62,319305451	0,00732601	0,00854701	-1462,70501112	-0,847060747436
177	-62,841464078	0,00732601	0,01221	-1469,63695458	-0,843065354435
177,5	-63,102276166	0,00610501	0,00732601	-1473,05370496	-0,841109863018
178	-63,624434793	0,00610501	0,032967	-1479,80241125	-0,837273943185
178,5	-63,885781332	0,00610501	0,015873	-1483,13410151	-0,835393103522
179	-64,407405508	0,00610501	0,00854701	-1489,69152856	-0,831715812464
179,5	-64,668752047	0,00610501	0,015873	-1492,93056631	-0,829911335434
180	-65,190910674	0,00610501	0,00610501	-1499,30892476	-0,826380727506
180,5	-65,516925784	0,00610501	0,00854701	-1503,22820719	-0,824226151475
181	-65,973881389	0,00854701	0,015873	-1508,63968349	-0,821269660051
181,5	-66,561243038	0,00610501	0,013431	-1515,45449633	-0,817576511207
182	-66,756852104	0,00610501	0,028083	-1517,68871777	-0,816372939651
182,5	-67,344213753	0,00732601	0,032967	-1524,291077	-0,812836877875
183	-67,539822819	0,00610501	0,019536	-1526,45433777	-0,811684941593
183,5	-68,127184468	0,00610501	0,039072	-1532,84301046	-0,808301953652
184	-68,584140073	0,00610501	0,00854701	-1537,70189346	-0,805747853515
184,5	-68,910155183	0,00610501	0,00854701	-1541,10869973	-0,803966650902
185	-69,43231381	0,00732601	0,010989	-1546,46117452	-0,801184032559
185,5	-69,758863371	0,00610501	0,00610501	-1549,74327525	-0,79948725688
186	-70,215284525	0,00610501	0,030525	-1554,24632069	-0,797170939707
186,5	-70,607037108	0,00732601	0,023199	-1558,03270011	-0,795233630148
187	-70,998789691	0,00610501	0,01221	-1561,74624232	-0,793342712425
187,5	-71,455210845	0,00610501	0,01221	-1565,98070178	-0,791197489591
188	-71,781760406	0,00610501	0,00610501	-1568,94930721	-0,789700466616
188,5	-72,369122055	0,00732601	0,019536	-1574,16057152	-0,787086160343
189	-72,629934143	0,00610501	0,021978	-1576,42157599	-0,785957271122
189,5	-73,217295792	0,00610501	0,018315	-1581,39378343	-0,783486069681
190	-73,412904858	0,00732601	0,029304	-1583,01281422	-0,78268475711
190,5	-73,935063485	0,00610501	0,00732601	-1587,24423856	-0,780598202785
191	-74,195875573	0,00610501	0,00854701	-1589,30843951	-0,779584358326
191,5	-74,783237222	0,00610501	0,00976801	-1593,83646418	-0,777369590822
192	-75,240192827	0,00610501	0,00610501	-1597,2433571	-0,775711474704
192,5	-75,566742388	0,00610501	0,00732601	-1599,61576076	-0,774561010459
193	-76,088366564	0,00732601	0,00976801	-1603,29757207	-0,772782309151
193,5	-76,414916125	0,00610501	0,00732601	-1605,53486065	-0,771705448673
194	-76,87187173	0,00610501	0,029304	-1608,57803347	-0,770245505174
194,5	-77,19788684	0,00610501	0,021978	-1610,68665849	-0,769237140859
195	-77,654842445	0,00610501	0,015873	-1613,5544036	-0,76786998767
195,5	-78,242204094	0,00610501	0,021978	-1617,08977601	-0,766191227218
196	-78,43781316	0,00610501	0,00732601	-1618,22945744	-0,765651616526
196,5	-79,090377831	0,00610501	0,01221	-1621,89501793	-0,763921207171
197	-79,285986897	0,00610501	0,013431	-1622,95282214	-0,763423300479
197,5	-79,873348546	0,00610501	0,00610501	-1626,01539732	-0,761985404347
198	-80,068957612	0,00610501	0,00732601	-1626,99741242	-0,761525488942
198,5	-80,656319261	0,00610501	0,013431	-1629,83213343	-0,760200989161
Vernier Format 2
lampe_vor_neueinstellung.cmbl 21.10.2014 11:58:38 ,
Latest 2
Time	Winkel	Pyro	Sample	Wellenlänge	Energie
t	Pot	Pot	Pot	Lambda	E
s	°	V	V	nm	eV

 	 	 	 	 	 
