Vernier Format 2
lampe_vor_neueinstellung.cmbl 21.10.2014 11:54:19 ,
Latest
Time	Winkel	Pyro	Sample	Wellenlänge	Energie
t	Pot	Pot	Pot	Lambda	E
s	°	V	V	nm	eV

0	-80,591116239	0,00610501	0,02442	-1629,52589724	-0,760343853447
0,5	-80,134695085	0,00732601	0,031746	-1627,32317708	-0,761373043442
1	-79,808145524	0,00732601	0,026862	-1625,6838468	-0,762140807658
1,5	-79,547333436	0,00610501	0,028083	-1624,3365955	-0,762772939695
2	-79,025174809	0,00854701	0,029304	-1621,53821501	-0,76408930023
2,5	-78,829565743	0,00610501	0,023199	-1620,45520816	-0,764599967811
3	-78,242204094	0,00610501	0,02442	-1617,08977601	-0,766191227218
3,5	-77,980857555	0,00610501	0,015873	-1615,53767556	-0,766927332457
4	-77,654842445	0,00610501	0,00976801	-1613,5544036	-0,76786998767
4,5	-77,19788684	0,00610501	0,018315	-1610,68665849	-0,769237140859
5	-76,937074752	0,00610501	0,013431	-1609,00392708	-0,770041625843
5,5	-76,414916125	0,00488401	0,00732601	-1605,53486065	-0,771705448673
6	-76,088366564	0,00610501	0,019536	-1603,29757207	-0,772782309151
6,5	-75,566742388	0,00610501	0,010989	-1599,61576076	-0,774561010459
7	-75,305395849	0,00610501	0,00732601	-1597,72120928	-0,775479472141
7,5	-74,783237222	0,00610501	0,01221	-1593,83646418	-0,777369590822
8	-74,522425134	0,00610501	0,00976801	-1591,84648689	-0,778341385433
8,5	-74,000266507	0,00488401	0,00732601	-1587,76337384	-0,780342978313
9	-73,674251397	0,00610501	0,013431	-1585,14714842	-0,78163090489
9,5	-73,47810788	0,00610501	0,00854701	-1583,54839188	-0,782420042451
10	-72,890746231	0,00610501	0,00976801	-1578,64991552	-0,784847855006
10,5	-72,629934143	0,013431	0,020757	-1576,42157599	-0,785957271122
11	-72,107775516	0,00610501	0,019536	-1571,86221546	-0,788237027273
11,5	-71,91216645	0,00610501	0,02442	-1570,12057147	-0,789111373047
12	-71,324804801	0,00610501	0,03663	-1564,78098474	-0,791804100436
12,5	-71,063992713	0,00610501	0,021978	-1562,35723907	-0,793032456992
13	-70,541834086	0,00732601	0,026862	-1557,40754569	-0,79555284256
13,5	-70,280487547	0,00610501	0,034188	-1554,88156815	-0,796845255214
14	-69,758863371	0,00610501	0,00976801	-1549,74327525	-0,79948725688
14,5	-69,497516832	0,00610501	0,023199	-1547,12053748	-0,800842578186
15	-68,844952161	0,00610501	0,017094	-1540,43132662	-0,804320178764
15,5	-68,649343095	0,00610501	0,00610501	-1538,38724109	-0,80538889488
16	-68,061981446	0,00610501	0,00854701	-1532,14174029	-0,808671918149
16,5	-67,86637238	0,00610501	0,00732601	-1530,02602813	-0,809790145541
17	-67,279010731	0,00610501	0,00610501	-1523,56604073	-0,813223691577
17,5	-67,083401665	0,00610501	0,01221	-1521,37909701	-0,814392679925
18	-66,822055126	0,00610501	0,00854701	-1518,42952853	-0,815974647961
18,5	-66,299896499	0,00610501	0,01221	-1512,44186956	-0,819205038512
19	-65,973881389	0,00732601	0,028083	-1508,63968349	-0,821269660051
19,5	-65,516925784	0,00610501	0,02442	-1503,22820719	-0,824226151475
20	-65,190910674	0,00610501	0,020757	-1499,30892476	-0,826380727506
20,5	-64,733955069	0,00610501	0,031746	-1493,73383091	-0,829465045485
21	-64,407405508	0,00610501	0,010989	-1489,69152856	-0,831715812464
21,5	-63,885781332	0,00610501	0,015873	-1483,13410151	-0,835393103522
22	-63,559231771	0,00610501	0,015873	-1478,96639035	-0,837747232177
22,5	-63,102276166	0,00610501	0,00732601	-1473,05370496	-0,841109863018
23	-62,841464078	0,00610501	0,01221	-1469,63695458	-0,843065354435
23,5	-62,449711495	0,00732601	0,013431	-1464,44762705	-0,846052789542
24	-61,993290341	0,00610501	0,00610501	-1458,31534106	-0,849610482117
24,5	-61,797146824	0,00610501	0,010989	-1455,65158526	-0,851165218755
25	-61,210319626	0,00610501	0,010989	-1447,58034924	-0,855911038476
25,5	-60,948973087	0,00610501	0,00732601	-1443,93685885	-0,858070761477
26	-60,42681446	0,00610501	0,00976801	-1436,56743122	-0,862472566949
26,5	-60,166002372	0,00610501	0,010989	-1432,84176943	-0,864715160064
27	-59,643843745	0,00610501	0,00610501	-1425,29366776	-0,869294537696
27,5	-59,383031657	0,00610501	0,010989	-1421,47911011	-0,871627300876
28	-58,86087303	0,00610501	0,015873	-1413,75374395	-0,876390252052
28,5	-58,600060942	0,00610501	0,00732601	-1409,85100277	-0,878816270345
29	-58,143105337	0,00610501	0,00976801	-1402,94282793	-0,883143614505
29,5	-57,816555776	0,00610501	0,015873	-1397,95141245	-0,886296897706
30	-57,490540666	0,00488401	0,00610501	-1392,92286836	-0,889496488386
30,5	-57,033585061	0,00610501	0,013431	-1385,79879513	-0,894069185481
31	-56,707569951	0,00610501	0,015873	-1380,66221901	-0,897395454833
31,5	-56,185411324	0,00488401	0,00610501	-1372,34221478	-0,902836032192
32	-55,924064785	0,00610501	0,00976801	-1368,13511125	-0,905612311102
32,5	-55,402440609	0,00732601	0,019536	-1359,65309341	-0,911261854957
33	-55,14109407	0,00610501	0,00732601	-1355,36097433	-0,914147613417
33,5	-54,618935443	0,00610501	0,00854701	-1346,70114846	-0,920025947419
34	-54,292920333	0,00610501	0,013431	-1341,23753375	-0,923773730474
34,5	-53,770761706	0,00610501	0,010989	-1332,39639541	-0,929903446352
35	-53,509949618	0,00854701	0,019536	-1327,93886381	-0,933024880709
35,5	-52,987790991	0,021978	0,030525	-1318,93207018	-0,939396370754
36	-52,726978903	0,035409	0,028083	-1314,39221363	-0,942641007113
36,5	-52,465632364	0,025641	0,025641	-1309,81573495	-0,945934582201
37	-51,943473737	0,039072	0,035409	-1300,59061526	-0,952644118342
37,5	-51,682661649	0,039072	0,025641	-1295,94227675	-0,956061101042
38	-51,0953	0,0671551	0,025641	-1285,37580476	-0,963920431216
38,5	-50,834487912	0,0976801	0,023199	-1280,64049411	-0,96748463421
39	-50,312329285	0,0989011	0,01221	-1271,08052413	-0,974761218095
39,5	-50,050982746	0,102564	0,00976801	-1266,25595484	-0,978475161568
40	-49,52935857	0,141636	0,017094	-1256,54788102	-0,986034848902
40,5	-49,268012031	0,147741	0,00854701	-1251,64468481	-0,989897544433
41	-48,680650382	0,124542	0,00610501	-1240,53015094	-0,998766534665
41,5	-48,485041316	0,144078	0,013431	-1236,79968176	-1,00177904172
42	-47,897679667	0,152625	0,010989	-1225,5116257	-1,01100632097
42,5	-47,702070601	0,136752	0,00610501	-1221,72371786	-1,01414090754
43	-47,179911974	0,135531	0,01221	-1211,5426614	-1,02266312155
43,5	-46,853362413	0,129426	0,01221	-1205,12439847	-1,02810963049
44	-46,592550325	0,130647	0,00610501	-1199,97006337	-1,03252575862
44,5	-46,070391698	0,135531	0,010989	-1189,57621779	-1,04154738593
45	-45,80957961	0,15873	0,00854701	-1184,34756124	-1,04614560839
45,5	-45,287420983	0,133089	0,00610501	-1173,8058948	-1,05554078872
46	-45,026608895	0,151404	0,013431	-1168,50389321	-1,06033022843
46,5	-44,504450268	0,177045	0,00732601	-1157,81637446	-1,07011787649
47	-44,243103729	0,180708	0,00610501	-1152,43098034	-1,07511861547
47,5	-43,982291641	0,185592	0,010989	-1147,0326953	-1,08017845096
48	-43,394929992	0,161172	0,00854701	-1134,7886294	-1,09183328763
48,5	-43,134117904	0,164835	0,00610501	-1129,31346313	-1,09712674155
49	-42,611959277	0,166056	0,010989	-1118,28170414	-1,10794980854
49,5	-42,351147189	0,169719	0,00854701	-1112,7366315	-1,11347102713
50	-41,76378554	0,153846	0,00732601	-1100,16459963	-1,126195117
50,5	-41,567642023	0,163614	0,01221	-1095,94047929	-1,13053584881
51	-40,980814825	0,212454	0,01221	-1083,22614988	-1,14380547418
51,5	-40,719468286	0,19536	0,00610501	-1077,52710607	-1,14985506446
52	-40,197309659	0,225885	0,010989	-1066,07364918	-1,16220863441
52,5	-39,936497571	0,228327	0,013431	-1060,31956503	-1,16851564459
53	-39,349135922	0,179487	0,00732601	-1047,28081284	-1,18306378271
53,5	-39,153526856	0,222222	0,018315	-1042,91401917	-1,18801739859
54	-38,631368229	0,212454	0,013431	-1031,19791086	-1,2015152348
54,5	-38,37002169	0,214896	0,00732601	-1025,30163917	-1,20842486998
55	-38,04400658	0,250305	0,013431	-1017,91648275	-1,217192197
55,5	-37,587050975	0,246642	0,014652	-1007,50974141	-1,22976478447
56	-37,261035865	0,242979	0,00732601	-1000,04583983	-1,23894320705
56,5	-36,738877238	0,277167	0,018315	-988,02400518	-1,25401811444
57	-36,47806515	0,229548	0,018315	-981,988447636	-1,26172563739
57,5	-35,955906523	0,225885	0,00732601	-969,843943109	-1,2775251202
58	-35,694559984	0,241758	0,019536	-963,735165327	-1,28562290199
58,5	-35,172935808	0,25641	0,02442	-951,482771688	-1,30217807076
59	-34,911589269	0,28083	0,031746	-945,314303304	-1,31067518567
59,5	-34,389430642	0,25641	0,0573871	-932,931205292	-1,32807220186
60	-34,063415532	0,239316	0,0732601	-925,160334024	-1,33922732572
60,5	-33,541256905	0,227106	0,0793651	-912,651900132	-1,35758222803
61	-33,280444817	0,20757	0,133089	-906,375633749	-1,36698290848
61,5	-32,75828619	0,185592	0,153846	-893,753931597	-1,38628760803
62	-32,496939651	0,148962	0,18315	-887,408681385	-1,39619999893
62,5	-32,105721519	0,141636	0,223443	-877,875805349	-1,41136137077
63	-31,648765914	0,0818071	0,234432	-866,689303118	-1,42957804549
63,5	-31,453156848	0,041514	0,241758	-861,883803616	-1,43754876794
64	-30,865795199	0,031746	0,26862	-847,394030213	-1,46212972457
64,5	-30,670186133	0,013431	0,269841	-842,548658162	-1,47053821521
65	-30,082824484	0,00488401	0,261294	-827,940514343	-1,49648432289
65,5	-29,821477945	0,00732601	0,263736	-821,412559598	-1,50837722838
66	-29,299853769	0,00610501	0,241758	-808,332388271	-1,53278529721
66,5	-29,03850723	0,00610501	0,203907	-801,753640112	-1,54536248794
67	-28,451145581	0,00610501	0,156288	-786,907608263	-1,57451775404
67,5	-28,190333493	0,00610501	0,0940171	-780,288769827	-1,58787367948
68	-27,668174866	0,00610501	0,047619	-766,989079953	-1,61540761451
68,5	-27,4725658	0,01221	0,025641	-761,990340079	-1,62600486493
69	-26,885204151	0,00610501	0,017094	-746,927323555	-1,65879592422
69,5	-26,623857612	0,00610501	0,00854701	-740,199707265	-1,67387258849
70	-26,297842502	0,00610501	0,023199	-731,78581231	-1,69311836764
70,5	-25,775683875	0,00610501	0,023199	-718,260538985	-1,72500079393
71	-25,580074809	0,00610501	0,020757	-713,178332932	-1,73729338482
71,5	-25,057916182	0,00610501	0,031746	-699,571348669	-1,77108453964
72	-24,731901072	0,00610501	0,029304	-691,046153162	-1,79293379224
72,5	-24,274945467	0,00610501	0,043956	-679,059308672	-1,82458289604
73	-23,948395906	0,00732601	0,047619	-670,466764816	-1,84796631991
73,5	-23,42677173	0,00610501	0,03663	-656,696131439	-1,88671737305
74	-23,165425191	0,00610501	0,041514	-649,776167204	-1,90681047188
74,5	-22,643266564	0,00610501	0,043956	-635,91004517	-1,94838878456
75	-22,382454476	0,00610501	0,034188	-628,964229926	-1,96990534763
75,5	-21,925498871	0,00610501	0,043956	-616,763487037	-2,00887378394
76	-21,599483761	0,00610501	0,045177	-608,03483942	-2,03771218304
76,5	-21,338137222	0,00610501	0,021978	-601,023382652	-2,06148385531
77	-20,750775573	0,00610501	0,029304	-585,220116616	-2,11715210196
77,5	-20,555166507	0,00732601	0,042735	-579,943421031	-2,13641530375
78	-19,967804858	0,00610501	0,029304	-564,058542232	-2,19658050935
78,5	-19,70699277	0,00610501	0,029304	-556,985916107	-2,22447276344
79	-19,184834143	0,00610501	0,03663	-542,791635153	-2,28264387245
79,5	-18,924022055	0,00610501	0,01221	-535,684802927	-2,31292729088
80	-18,336660406	0,00610501	0,030525	-519,639446114	-2,38434554818
80,5	-18,140516889	0,00610501	0,028083	-514,269014037	-2,40924490137
81	-17,814501779	0,00610501	0,015873	-505,329379727	-2,45186614851
81,5	-17,357546174	0,00610501	0,020757	-492,771764811	-2,51434860614
82	-17,031531064	0,00610501	0,017094	-483,793326007	-2,56101093875
82,5	-16,509372437	0,00610501	0,00732601	-469,380592786	-2,63964897365
83	-16,248560349	0,00610501	0,018315	-462,166928376	-2,68084954575
83,5	-15,726401722	0,00610501	0,00732601	-447,696189015	-2,76750178001
84	-15,465055183	0,00610501	0,00732601	-440,439375852	-2,81309998136
84,5	-14,877693534	0,00732601	0,015873	-424,096885182	-2,92150223992
85	-14,616881446	0,00610501	0,00732601	-416,825773924	-2,97246494221
85,5	-14,356069358	0,00610501	0,00976801	-409,546025646	-3,02530099772
86	-13,768707709	0,00732601	0,025641	-393,120829892	-3,15170274834
86,5	-13,572564192	0,00732601	0,00976801	-387,626513846	-3,1963757786
87	-13,050940016	0,00610501	0,020757	-372,992995796	-3,32177819413
87,5	-12,789593477	0,010989	0,018315	-365,649542676	-3,38849049538
88	-12,202231828	0,00732601	0,010989	-349,118014715	-3,54894318762
88,5	-12,006622762	0,00976801	0,014652	-343,604289849	-3,60589211661
89	-11,419261113	0,034188	0,035409	-327,024240819	-3,78870996504
89,5	-11,158449025	0,00610501	0,026862	-319,650913316	-3,87610342528
90	-10,636290398	0,00732601	0,026862	-304,869398182	-4,06403531279
90,5	-10,37547831	0,01221	0,032967	-297,476646383	-4,16503283557
91	-9,983725727	0,00610501	0,021978	-286,360835044	-4,32670899221
91,5	-9,591973144	0,00732601	0,026862	-275,231636484	-4,50166272972
92	-9,265958034	0,00732601	0,031746	-265,960125301	-4,6585930827
92,5	-8,743799407	0,00732601	0,019536	-251,092693533	-4,93443270916
93	-8,482987319	0,00732601	0,023199	-243,658699544	-5,08498158415
93,5	-7,960828692	0,023199	0,031746	-228,76046031	-5,41614577241
94	-7,699482153	0,00610501	0,018315	-221,296504323	-5,59882318878
94,5	-7,438670065	0,00610501	0,017094	-213,843221775	-5,79396433385
95	-6,851308416	0,015873	0,029304	-197,042073157	-6,2879971782
95,5	-6,590496328	0,013431	0,015873	-189,574946684	-6,53567373575
96	-6,068337701	0,014652	0,021978	-174,613742995	-7,09566142247
96,5	-5,807525613	0,013431	0,031746	-167,135289253	-7,41315616549
97	-5,220163964	0,00610501	0,018315	-150,280998728	-8,24455526973
97,5	-4,958817425	0,00854701	0,026862	-142,776500599	-8,67789863741
98	-4,436658798	0,025641	0,040293	-127,774109958	-9,69680008267
98,5	-4,241049732	0,017094	0,026862	-122,151172542	-10,1431691094
99	-3,653688083	0,00732601	0,032967	-105,258704044	-11,7709980496
99,5	-3,392875995	0,010989	0,034188	-97,7541197672	-12,6746576303
100	-3,131529456	0,023199	0,020757	-90,2321255633	-13,7312513948
100,5	-2,60990528	0,018315	0,030525	-75,2134444139	-16,473118731
101	-2,348558741	0,042735	0,031746	-67,686293854	-18,3050353248
101,5	-1,826400114	0,0659341	0,026862	-52,6433240967	-23,5357478134
102	-1,500385004	0,416361	0,0989011	-43,2487947315	-28,648197197
102,5	-1,304775938	4,9939	0,930403	-37,611385528	-32,9421525585
103	-0,717414289	4,99512	3,2735	-20,6813843127	-59,9089490948
103,5	-0,45606775	4,99512	4,99634	-13,147576537	-94,237899777
104	0,065556426	4,99512	4,99634	1,88988816255	655,594349208
104,5	0,326902965	4,9939	4,71673	9,42404680084	131,472182406
105	0,914264614	3,66422	1,67643	26,3556912606	47,0107191555
105,5	1,10987368	0,31746	0,169719	31,9939102854	38,7261197193
106	1,632032307	0,0708181	0,0500611	47,0425605794	26,3378520374
106,5	1,958047417	0,032967	0,030525	56,4364383041	21,9539013664
107	2,480206044	0,039072	0,039072	71,4781085161	17,3339785526
107,5	2,741552583	0,020757	0,028083	79,0044903734	15,6826528992
108	3,067567693	0,023199	0,034188	88,3909061811	14,0172790792
108,5	3,524523298	0,015873	0,046398	101,542390705	12,2018005623
109	3,785335386	0,00610501	0,026862	109,045893505	11,3621885261
109,5	4,307494013	0,00610501	0,040293	124,061328939	9,98699603333
110	4,633509123	0,00732601	0,042735	133,431224725	9,28568258708
110,5	5,15566775	0,00610501	0,028083	148,429291231	8,34740898997
111	5,417014289	0,00732601	0,029304	155,93144876	7,94579932306
111,5	5,677826377	0,013431	0,034188	163,415030203	7,58192192275
112	6,199985004	0,00854701	0,023199	178,387197024	6,94556571699
112,5	6,460797092	0,00610501	0,031746	185,860147479	6,66630268406
113	7,048158741	0,00732601	0,037851	202,675260257	6,11322762545
113,5	7,30950528	0,00610501	0,017094	210,150402	5,89577744419
114	7,831129456	0,00610501	0,030525	225,056885571	5,50527479688
114,5	8,092475995	0,013431	0,025641	232,518463435	5,32860909924
115	8,614634622	0,00610501	0,023199	247,41171717	5,00784689655
115,5	8,87544671	0,010989	0,02442	254,843104206	4,86181489533
116	9,462808359	0,010989	0,032967	271,559381213	4,56253801458
116,5	9,658417425	0,00610501	0,017094	277,120155393	4,47098479084
117	9,984966986	0,00732601	0,034188	286,396076651	4,32617658206
117,5	10,507125613	0,013431	0,031746	301,208985963	4,11342309738
118	10,767937701	0,00610501	0,025641	308,598568245	4,01492465453
118,5	11,290096328	0,00610501	0,034188	323,373505707	3,8314827224
119	11,550908416	0,00732601	0,034188	330,743431923	3,7461061367
119,5	11,812254955	0,00610501	0,028083	338,121585948	3,66436232258
120	12,399082153	0,00610501	0,035409	354,662619425	3,4934609179
120,5	12,59522567	0,00732601	0,026862	360,18315194	3,43991659056
121	13,182587319	0,00610501	0,018315	376,689161676	3,28918409674
121,5	13,443399407	0,00610501	0,026862	384,005902146	3,22651290794
122	13,965558034	0,00610501	0,017094	398,630312724	3,10814295966
122,5	14,226370122	0,00610501	0,00854701	405,922711059	3,05230519565
123	14,748528749	0,00610501	0,014652	420,497023264	2,94651312959
123,5	15,009340837	0,00610501	0,00610501	427,763717676	2,89645883651
124	15,466296442	0,00610501	0,00732601	440,473863687	2,81287972373
124,5	15,858049025	0,00610501	0,014652	451,348123241	2,74510945366
125	16,118861113	0,00610501	0,00854701	458,576070787	2,70184180756
125,5	16,64101974	0,00610501	0,00732601	473,018072034	2,61935023893
126	16,901831828	0,00732601	0,015873	480,217044444	2,58008334842
126,5	17,423990455	0,00610501	0,00610501	494,599689094	2,50505616425
127	17,685336994	0,00610501	0,00854701	501,783021267	2,46919474651
127,5	18,20696117	0,00610501	0,015873	516,088944256	2,40074896738
128	18,533510731	0,00610501	0,00610501	525,023107824	2,3598961294
128,5	18,794322819	0,00610501	0,017094	532,146504911	2,32830618742
129	19,316481446	0,00732601	0,039072	546,374612045	2,26767491147
129,5	19,577293534	0,00732601	0,020757	553,464464164	2,23862610921
130	20,164655183	0,00732601	0,04884	569,388940052	2,17601697688
130,5	20,3607987	0,00610501	0,042735	574,693513825	2,15593176222
131	20,68681381	0,00610501	0,03663	583,495449496	2,1234098759
131,5	21,143769415	0,00732601	0,042735	595,800728148	2,07955435679
132	21,404581503	0,00610501	0,043956	602,807154251	2,05538370151
132,5	21,991943152	0,00610501	0,039072	618,540009313	2,00310405365
133	22,253289691	0,00610501	0,04884	625,519544513	1,98075345666
133,5	22,774913867	0,00732601	0,03663	639,411014279	1,93772076541
134	23,036260406	0,00610501	0,030525	646,351126046	1,91691473887
134,5	23,362275516	0,00610501	0,034188	654,989657451	1,8916329226
135	23,884434143	0,00610501	0,019536	668,781170634	1,85262392903
135,5	24,080043209	0,00610501	0,015873	673,933454438	1,83846044716
136	24,667404858	0,00610501	0,03663	689,356937185	1,79732723814
136,5	24,928751397	0,00610501	0,025641	696,196422828	1,77967016114
137	25,450375573	0,00610501	0,039072	709,803972729	1,74555236037
137,5	25,711722112	0,00732601	0,03663	716,599638289	1,72899891906
138	26,233880739	0,00610501	0,021978	730,132279382	1,69695277827
138,5	26,494692827	0,00610501	0,034188	736,869035423	1,68143854666
139	27,016851454	0,00732601	0,0500611	750,310328427	1,65131673263
139,5	27,342866564	0,00610501	0,0549451	758,671008783	1,63311894834
140	27,604213103	0,00610501	0,113553	765,355534214	1,61885547907
140,5	28,12637173	0,00732601	0,212454	778,663086601	1,59118882264
141	28,387183818	0,00610501	0,315018	785,285902873	1,57776931366
141,5	28,909342445	0,00610501	0,413919	798,496070378	1,55166699745
142	29,235357555	0,010989	0,518926	806,71041454	1,53586711869
142,5	29,757516182	0,031746	0,538462	819,812304297	1,51132154702
143	30,01832827	0,04884	0,577534	826,331113586	1,49939894508
143,5	30,540486897	0,140415	0,579976	839,33050033	1,47617654727
144	30,801833436	0,186813	0,550672	845,810737076	1,46486671981
144,5	31,062645524	0,257631	0,542125	852,260177947	1,45378140627
145	31,584804151	0,308913	0,517705	865,119072584	1,43217279478
145,5	31,845616239	0,3663	0,46398	871,515098244	1,4216621175
146	32,367774866	0,407814	0,417582	884,265855138	1,4011623233
146,5	32,694324427	0,473748	0,349206	892,202713197	1,38869786168
147	33,215948603	0,512821	0,28083	904,820674549	1,36933210619
147,5	33,41209212	0,542125	0,230769	909,545992567	1,36221808476
148	33,73810723	0,564103	0,169719	917,376453941	1,35059058326
148,5	34,260265857	0,58486	0,112332	929,856042235	1,33246432106
149	34,521077945	0,581197	0,0927961	936,060593377	1,32363226138
149,5	35,043236572	0,617827	0,0537241	948,423993692	1,30637774691
150	35,369786133	0,615385	0,042735	956,11589495	1,29586800778
150,5	35,891410309	0,642247	0,032967	968,338263371	1,27951155796
151	36,152756848	0,628816	0,00732601	974,431854164	1,27151015713
151,5	36,674915475	0,647131	0,00854701	986,545730205	1,25589717949
152	36,935727563	0,653236	0,014652	992,565847278	1,24827990344
152,5	37,196539651	0,637363	0,00732601	998,565397455	1,24078002618
153	37,718698278	0,600733	0,00732601	1010,51448794	1,22610810116
153,5	37,980044817	0,590965	0,014652	1016,46369474	1,21893187765
154	38,567406466	0,567766	0,00732601	1029,75683979	1,20319666947
154,5	38,828218554	0,514042	0,00732601	1035,62491589	1,19637909535
155	39,350377181	0,547009	0,018315	1047,30848389	1,18303252485
155,5	39,611189269	0,507937	0,00610501	1053,11177505	1,17651329076
156	39,93773883	0,487179	0,00732601	1060,34700204	1,16848540866
156,5	40,459363006	0,482295	0,019536	1071,83287003	1,15596380242
157	40,720709545	0,468864	0,00610501	1077,55422662	1,1498261242
157,5	41,242868172	0,409035	0,00732601	1088,9179775	1,13782674691
158	41,50368026	0,435897	0,015873	1094,56022794	1,13196146577
158,5	42,025838887	0,417582	0,00610501	1105,78801674	1,12046792083
159	42,286650975	0,385836	0,00732601	1111,36183031	1,11484843748
159,5	42,808809602	0,367521	0,013431	1122,45156034	1,10383382569
160	43,06962169	0,374847	0,00732601	1127,95589618	1,09844720365
160,5	43,591780317	0,334554	0,00610501	1138,90549653	1,08788657511
161	43,853126856	0,343101	0,017094	1144,35043735	1,08271029535
161,5	44,374751032	0,323565	0,00854701	1155,1467527	1,0725909908
162	44,701300593	0,283272	0,00732601	1161,85683844	1,06639644318
162,5	44,962112681	0,302808	0,020757	1167,18902304	1,06152471926
163	45,484271308	0,318681	0,00610501	1177,79152873	1,05196884998
163,5	45,745617847	0,262515	0,00732601	1183,06153002	1,04728280699
164	46,267242023	0,252747	0,019536	1193,5062774	1,03811770701
164,5	46,528588562	0,239316	0,00732601	1198,70220943	1,03361784958
165	46,854603672	0,223443	0,00976801	1205,1488694	1,02808875439
165,5	47,311559277	0,239316	0,015873	1214,11904233	1,02049301329
166	47,637574387	0,217338	0,00732601	1220,47164524	1,01518130703
166,5	48,159733014	0,228327	0,00732601	1230,56381224	1,00685554676
167	48,421079553	0,208791	0,015873	1235,57673451	1,00277058106
167,5	48,942703729	0,203907	0,00732601	1245,5051139	0,994777127907
168	49,204050268	0,181929	0,00732601	1250,44070958	0,990850658102
168,5	49,726208895	0,19536	0,01221	1260,22378906	0,983158714155
169	49,987020983	0,162393	0,00610501	1265,07117645	0,979391533899
169,5	50,50917961	0,137973	0,00854701	1274,69700941	0,971995690626
170	50,769991698	0,0891331	0,010989	1279,46540304	0,968373194817
170,5	51,031338237	0,0830281	0,00610501	1284,21697463	0,964790237534
171	51,618699886	0,0512821	0,00854701	1294,79821057	0,956905863699
171,5	51,879511974	0,0561661	0,029304	1299,4531435	0,95347801204
172	52,401670601	0,03663	0,018315	1308,69153623	0,946747163635
172,5	52,662482689	0,0622711	0,020757	1313,2653487	0,943449852863
173	52,923829228	0,112332	0,039072	1317,82123788	0,940188217027
173,5	53,445453404	0,0732601	0,028083	1326,83231379	0,93380300368
174	53,772002965	0,0671551	0,020757	1332,41754379	0,929888686749
174,5	54,22895857	0,0573871	0,030525	1340,16051168	0,924516122659
175	54,489770658	0,0525031	0,026862	1344,54170999	0,921503580583
175,5	55,077132307	0,026862	0,013431	1354,30622546	0,914859561824
176	55,337944395	0,00976801	0,034188	1358,5964917	0,911970557532
176,5	55,8601564671	0,01221	0,031746	1367,1019933	0,906296681647
177	56,1211823355	0,013431	0,01221	1371,31091252	0,903515015219
177,5	56,6432340723	0,00732601	0,025641	1379,64327986	0,898058228591
178	56,9042599407	0,00610501	0,019536	1383,76655503	0,895382241674
178,5	57,1652858091	0,00732601	0,01221	1387,86111024	0,892740628623
179	57,6873375459	0,013431	0,025641	1395,96372143	0,887558882066
179,5	58,0136198814	0,00610501	0,019536	1400,96904439	0,884387849227
180	58,5356716182	0,00732601	0,017094	1408,88299398	0,879420083354
180,5	58,7966974866	0,00732601	0,031746	1412,7961478	0,876984271176
181	59,3187492234	0,00610501	0,019536	1420,53440743	0,872206962058
181,5	59,6450315589	0,00732601	0,021978	1425,31097287	0,869283983345
182	59,9060574273	0,00854701	0,032967	1429,09895265	0,866979853079
182,5	60,4281091641	0,00732601	0,026862	1436,58585169	0,862461507986
183	60,6891350325	0,00610501	0,014652	1440,28461557	0,860246639178
183,5	61,2111867693	0,00732601	0,03663	1447,59238819	0,855903920265
184	61,4722126377	0,00610501	0,029304	1451,20124527	0,853775452604
184,5	61,9942643745	0,00610501	0,019536	1458,32852645	0,849602800418
185	62,2552902429	0,00732601	0,037851	1461,84680262	0,847558032605
185,5	62,7773419797	0,00732601	0,025641	1468,79226103	0,843550196219
186	63,0383678481	0,00610501	0,021978	1472,21929912	0,841586576634
186,5	63,625676052	0,01221	0,035409	1479,81830785	0,837264948964
187	63,8867019204	0,00732601	0,02442	1483,14578283	0,83538652393
187,5	64,4087536572	0,00610501	0,018315	1489,70831664	0,831706439549
188	64,6697795256	0,00610501	0,031746	1492,94323927	0,829904290672
188,5	64,930805394	0,013431	0,020757	1496,14717598	0,828127085283
189	65,5181135979	0,00610501	0,014652	1503,24239792	0,824218370712
189,5	65,7138829992	0,00732601	0,031746	1505,57240885	0,822942817441
190	66,3011912031	0,00732601	0,02442	1512,45687165	0,819196912802
190,5	66,5622170715	0,00976801	0,017094	1515,46566539	0,817570485623
191	67,0842688083	0,00854701	0,031746	1521,38883098	0,814387469378
191,5	67,3452946767	0,00732601	0,020757	1524,30307988	0,812830477318
192	67,6063205451	0,00610501	0,010989	1527,185692	0,811296233648
192,5	68,1283722819	0,00854701	0,023199	1532,85576721	0,808295226796
193	68,3893981503	0,00610501	0,00976801	1535,64311262	0,806828090343
193,5	68,9767063542	0,00610501	0,00732601	1541,79802017	0,803607206516
194	69,1724757555	0,00732601	0,014652	1543,81368784	0,802557983364
194,5	69,6945274923	0,00610501	0,00854701	1549,10062354	0,799818927944
195	70,0208098278	0,00610501	0,00854701	1552,33967846	0,798150055166
195,5	70,4776050975	0,00854701	0,019536	1556,78975815	0,795868545197
196	70,803887433	0,00732601	0,00976801	1559,90781975	0,794277703023
196,5	71,3259391698	0,00610501	0,023199	1564,79145573	0,791798801984
197	71,5869650382	0,014652	0,021978	1567,1845832	0,790589706713
197,5	72,109016775	0,00610501	0,026862	1571,87320878	0,788231514525
198	72,3700426434	0,00610501	0,028083	1574,16860958	0,787082141305
198,5	72,6310685118	0,00732601	0,032967	1576,43133862	0,785952403789
199	73,1531202486	0,00610501	0,019536	1580,85859431	0,783751313658
199,5	73,4794025841	0,00610501	0,03663	1583,55900582	0,782414798214
200	73,9361978538	0,010989	0,040293	1587,25328778	0,780593752452
200,5	74,2624801893	0,00610501	0,020757	1589,83030555	0,779328457682
201	74,7845319261	0,00732601	0,03663	1593,84626034	0,777364812926
201,5	75,0455577945	0,00610501	0,030525	1595,80463817	0,776410827721
202	75,5676095313	0,00610501	0,010989	1599,62199147	0,774557993454
202,5	75,8286353997	0,00610501	0,019536	1601,48088772	0,773658936239
203	76,3506871365	0,00610501	0,00976801	1605,09892649	0,771915038725
203,5	76,6117130049	0,00610501	0,00732601	1606,85799393	0,771070004122
204	76,8727388733	0,00610501	0,013431	1608,58371115	0,770242786503
204,5	77,4600470772	0,00610501	0,014652	1612,3444538	0,768446219467
205	77,7210729456	0,00610501	0,030525	1613,96153907	0,767676285964
205,5	78,2431246824	0,00610501	0,017094	1617,0951838	0,766188664965
206	78,5041505508	0,00610501	0,00854701	1618,61167823	0,765470814687
206,5	79,0262022876	0,00610501	0,014652	1621,54385384	0,764086643147
207	79,287228156	0,00610501	0,00610501	1622,95947417	0,763420171434
207,5	79,8092798928	0,00610501	0,00732601	1625,68963295	0,762138095052
208	80,0703057612	0,00854701	0,014652	1627,00411474	0,761522351896
208,5	80,6576139651	0,00610501	0,00732601	1629,83819284	0,760198162887
209	80,9186398335	0,00610501	0,013431	1631,0428314	0,759636703675
209,5	81,4406915703	0,00732601	0,028083	1633,35052773	0,758563443035
210	81,7017174387	0,00610501	0,019536	1634,4535376	0,758051527006
210,5	81,9627433071	0,00610501	0,031746	1635,52262452	0,757556013854
211	82,4847950439	0,00732601	0,025641	1637,55894144	0,756613987224
211,5	82,7458743574	0,00610501	0,026862	1638,52632373	0,756167284012
212	83,2679260942	0,00610501	0,028083	1640,35864347	0,755322627115
212,5	83,5289519626	0,00610501	0,02442	1641,22374441	0,754924491084
213	84,1162601665	0,00610501	0,017094	1643,04565073	0,754087386099
213,5	84,3772860349	0,00732601	0,031746	1643,7999834	0,753741338674
214	84,8993377717	0,00610501	0,015873	1645,20628298	0,753097051002
Vernier Format 2
lampe_vor_neueinstellung.cmbl 21.10.2014 11:54:20 ,
Latest 2
Time	Winkel	Pyro	Sample	Wellenlänge	Energie
t	Pot	Pot	Pot	Lambda	E
s	°	V	V	nm	eV

 	 	 	 	 	 
