Vernier Format 2
Bandlücke-Si.cmbl 09.09.2013 09:15:54 ,
Latest
Time	Winkel	Pyro	Sample	Wellenlänge	Energie
t	Pot	Pot	Pot	Lambda	E
s	°	V	V	nm	eV

0	71,1954262356	0,101343	0,107448	1563,58270994	0,792410911252
0,5	70,9996568343	0,105006	0,0915751	1561,75438131	0,793338577964
1	70,7386309659	0,113553	0,236874	1559,28825119	0,794593301821
1,5	70,4123486304	0,117216	0,106227	1556,16008425	0,796190579965
2	70,2165792291	0,131868	0,262515	1554,25895407	0,797164460113
2,5	69,6292710252	0,136752	0,478632	1548,44678078	0,800156657227
3	69,3682451568	0,142857	0,267399	1545,81133202	0,801520841733
3,5	69,1072192884	0,156288	0,106227	1543,14380007	0,802906378489
4	68,5851675516	0,163614	0,367521	1537,71270871	0,805742186418
4,5	68,3241416832	0,175824	0,035409	1534,94926203	0,807192804772
5	67,8020899464	0,189255	0,0732601	1529,32685343	0,810160363838
5,5	67,4758076109	0,194139	0,003663	1525,7483443	0,812060524026
6	66,9537558741	0,208791	0,041514	1519,91986161	0,815174557092
6,5	66,6927300057	0,21978	0,217338	1516,95827113	0,81676604003
7	66,4317041373	0,225885	0,240537	1513,9651963	0,81838076795
7,5	65,9096524005	0,240537	0,457875	1507,88484274	0,821680784155
8	65,6486265321	0,249084	0,003663	1504,7976902	0,823366495088
8,5	65,3876006637	0,253968	0,003663	1501,67930571	0,825076296444
9	64,8655489269	0,275946	0,501832	1495,34910038	0,82856906102
9,5	64,6045230585	0,286935	0,229548	1492,13741093	0,830352480223
10	64,3434971901	0,296703	0,114774	1488,89475229	0,832160901969
10,5	63,8214454533	0,302808	0,00488401	1482,31679726	0,835853713785
11	63,5604195849	0,307692	0,018315	1478,98163741	0,837738595707
11,5	63,2341372494	0,327228	0,0989011	1474,76952931	0,840131271617
12	62,7120855126	0,336996	0,001221	1467,93073549	0,844045274102
12,5	62,4510596442	0,345543	0,035409	1464,46560276	0,846042404592
13	61,9290079074	0,352869	0,00488401	1457,44422524	0,850118295123
13,5	61,667982039	0,350427	0,101343	1453,88812619	0,852197619394
14	61,4069561706	0,357753	0,002442	1450,3018518	0,854304914847
14,5	60,8196479667	0,351648	0,450549	1442,12279241	0,859150140698
15	60,5586220983	0,35409	0,230769	1438,43896547	0,861350415098
15,5	60,0365703615	0,346764	0,159951	1430,98182461	0,865839089422
16	59,7755444931	0,344322	0,212454	1427,20866546	0,8681281371
16,5	59,5145186247	0,339438	0,001221	1423,40588471	0,87044743408
17	58,9924668879	0,338217	0,003663	1415,71177472	0,875178141573
17,5	58,7314410195	0,344322	0,001221	1411,82060517	0,877590251528
18	58,405158684	0,340659	0,199023	1406,91544649	0,880649937483
18,5	57,8831069472	0,357753	0,002442	1398,97235808	0,885650093687
19	57,6873375459	0,358974	0,002442	1395,96372143	0,887558882066
19,5	57,100029342	0,374847	0,001221	1386,8401686	0,893397832033
20	56,8390034736	0,383394	0,416361	1382,73842541	0,896047999561
20,5	56,5779776052	0,39072	0,001221	1378,60798359	0,898732645356
21	56,0559258684	0,398046	0,002442	1370,26134758	0,904207071294
21,5	55,729696978	0,417582	0,286935	1364,98775551	0,907700450061
22	55,207538351	0,443223	0,039072	1356,45487196	0,91341040945
22,5	54,946726263	0,462759	0,001221	1352,15056332	0,916318074043
23	54,685379724	0,481074	0,0525031	1347,80933043	0,919269493114
23,5	54,098018075	0,493284	0,225885	1337,95045848	0,926043256797
24	53,902409009	0,507937	0,125763	1334,6358964	0,928343080941
24,5	53,380250382	0,515263	0,159951	1325,71192818	0,934592179236
25	53,054235272	0,532357	0,00488401	1320,08427607	0,938576439749
25,5	52,792888733	0,540904	0,153846	1315,5420563	0,941817096661
26	52,271264557	0,557998	0,0708181	1306,39445506	0,948411863815
26,5	52,009918018	0,570208	0,002442	1301,77051876	0,951780657301
27	51,683902908	0,586081	0,164835	1295,96446284	0,956044733887
27,5	51,226947303	0,598291	0,131868	1287,75588766	0,9621388742
28	50,966135215	0,616606	0,00488401	1283,03400864	0,965679780628
28,5	50,378773566	0,631258	0,283272	1272,30290155	0,973824706748
29	50,182630049	0,64591	0,030525	1268,68951989	0,976598277653
29,5	49,5952684	0,65812	0,141636	1257,78030994	0,985068688237
30	49,399659334	0,678877	0,034188	1254,11781846	0,987945455968
30,5	49,073644224	0,693529	0,0622711	1247,98120402	0,992803414033
31	48,551485597	0,714286	0,002442	1238,06846246	1,00075241198
31,5	48,290139058	0,728938	0,00488401	1233,06835458	1,00481047575
32	48,02932697	0,74359	0,00488401	1228,05289529	1,00891419641
32,5	47,507168343	0,763126	0,0586081	1217,93533433	1,01729538924
33	47,246356255	0,781441	0,18315	1212,84379809	1,02156601036
33,5	46,658994606	0,802198	0,001221	1201,2855423	1,03139508166
34	46,398182518	0,81685	0,00610501	1196,11266699	1,03585559638
34,5	46,136835979	0,838828	0,003663	1190,90433079	1,04038583786
35	45,614677352	0,855922	0,042735	1180,42421081	1,04962265994
35,5	45,353865264	0,879121	0,002442	1175,15274542	1,05433102619
36	44,831706637	0,892552	0,0830281	1164,525947	1,06395224872
36,5	44,570894549	0,916972	0,002442	1159,18171118	1,06885744319
37	44,048735922	0,935287	0,021978	1148,41021879	1,07888277179
37,5	43,787923834	0,958486	0,111111	1142,99421052	1,08399499192
38	43,461374273	0,976801	0,002442	1136,17972467	1,09049648845
38,5	42,939215646	0,996337	0,184371	1125,20664268	1,10113107495
39	42,678403558	1,02076	0,00488401	1119,69066343	1,10655562332
39,5	42,417057019	1,03785	0,00732601	1114,14010862	1,11206839285
40	41,895432843	1,06227	0,04884	1102,99251036	1,12330771819
40,5	41,634086304	1,08791	0,129426	1097,37285533	1,12906018586
41	41,111927677	1,10867	0,00488401	1086,0767754	1,14080332815
41,5	40,785912567	1,12943	0,0525031	1078,9781509	1,14830870204
42	40,590303501	1,14896	0,211233	1074,70219339	1,15287752051
42,5	40,002941852	1,17582	0,003663	1061,78756135	1,16690008915
43	39,741595313	1,19292	0,164835	1056,00524507	1,17328962691
43,5	39,219971137	1,21856	0,1221	1044,39869283	1,18632856256
44	38,958624598	1,23565	0,0500611	1038,55091435	1,19300843404
44,5	38,567406466	1,25153	0,351648	1029,75683979	1,20319666947
45	38,175653883	1,27961	0,00488401	1020,9026439	1,21363188489
45,5	37,849104322	1,30037	0,0671551	1013,48564413	1,22251361643
46	37,327480146	1,3138	0,047619	1001,56967282	1,23705822333
46,5	37,066133607	1,33455	0,00610501	995,568201008	1,24451544228
47	36,805321519	1,35165	0,181929	989,558351817	1,25207371321
47,5	36,283162892	1,37241	0,003663	977,464844774	1,26756476882
48	36,022350804	1,38217	0,0903541	971,393815761	1,2754868107
48,5	35,434989155	1,39438	0,135531	957,64804561	1,29379473563
49	35,238845638	1,41758	0,00610501	953,035296933	1,30005678067
49,5	34,912830528	1,42491	0,00488401	945,343646881	1,31063450216
50	34,455874923	1,43834	0,002442	934,511268956	1,32582670874
50,5	34,129859813	1,45788	0,026862	926,746533305	1,33693513326
51	33,607701186	1,4652	0,003663	914,247819381	1,35521242024
51,5	33,346889098	1,47375	0,003663	907,97635842	1,3645729743
52	33,085542559	1,49206	0,0805861	901,673174202	1,37411207902
52,5	32,49818091	1,49573	0,002442	887,438861738	1,39615251644
53	32,237368822	1,51038	0,002442	881,088267828	1,40621552373
53,5	31,715210195	1,52137	0,0842491	868,319334466	1,42689440488
54	31,454398107	1,53114	0,010989	861,914329176	1,43749785571
54,5	30,93223948	1,54212	0,003663	849,037656621	1,45929923171
55	30,670892941	1,56288	0,017094	842,566183998	1,47050762721
55,5	30,410080853	1,56777	0,00488401	836,090468728	1,48189705103
56	29,887922226	1,58486	0,00732601	823,073840802	1,50533274
56,5	29,561907116	1,60684	0,042735	814,912042028	1,52040948728
57	29,039748489	1,6044	0,017094	801,784925249	1,54530218888
57,5	28,778936401	1,62637	0,0561661	795,203079103	1,55809255844
58	28,517589862	1,63126	0,001221	788,591217625	1,5711562243
58,5	27,995431235	1,62882	0,003663	775,332014936	1,5980250733
59	27,734619147	1,62393	0,100122	768,685015504	1,61184357053
59,5	27,147257498	1,60317	0,003663	753,657530831	1,64398277641
60	26,951648432	1,52503	0,130647	748,635268595	1,65501152828
60,5	26,364286783	1,3199	0,021978	733,502557262	1,68915566515
61	26,102940244	0,948718	0,003663	726,744383366	1,70486353711
61,5	25,842128156	0,482295	0,003663	719,984955516	1,7208692911
62	25,319969529	0,159951	0,00488401	706,407556678	1,75394499717
62,5	25,059157441	0,04884	0,026862	699,603764105	1,77100247822
63	24,536998814	0,032967	0,003663	685,938814939	1,80628355331
63,5	24,210983704	0,021978	0,002442	677,378002292	1,82911165672
64	23,949637165	0,020757	0,0842491	670,499467648	1,8478761875
64,5	23,427478538	0,021978	0,002442	656,714827923	1,88666365874
65	23,16666645	0,028083	0,017094	649,809065471	1,90671393466
65,5	22,774913867	0,020757	0,00854701	639,411014279	1,93772076541
66	22,383695735	0,021978	0,00976801	628,997317486	1,9698017234
66,5	22,057146174	0,02442	0,00488401	620,282535362	1,99747684219
67	21,534987547	0,026862	0,0903541	606,305692343	2,04352361465
67,5	21,274175459	0,023199	0,100122	599,305493473	2,06739302992
68	21,013363371	0,02442	0,253968	592,292876431	2,09187050749
68,5	20,491204744	0,02442	0,0989011	578,216536849	2,14279585768
69	20,229858205	0,029304	0,003663	571,15305683	2,16929592722
69,5	19,708234029	0,028083	0,001221	557,019603656	2,22433823131
70	19,44688749	0,023199	0,00488401	549,920962466	2,25305104654
70,5	18,859525841	0,030525	0,10989	533,925637041	2,32054787042
71	18,598713753	0,028083	0,021978	526,804982769	2,35191397296
71,5	18,337901665	0,030525	0,0622711	519,673412603	2,38418970444
72	17,815743038	0,030525	0,002442	505,363447402	2,45170086276
72,5	17,554396499	0,030525	0,212454	498,185305921	2,48702638411
73	17,032772323	0,034188	0,00488401	483,827540103	2,56082983564
73,5	16,706222762	0,035409	0,019536	474,818739846	2,60941680693
74	16,510613696	0,035409	0,001221	469,414900981	2,63945604925
74,5	15,923252047	0,030525	0,003663	453,155992764	2,73415781714
75	15,661905508	0,032967	0,00610501	445,906181591	2,77861140112
75,5	15,140281332	0,037851	0,151404	431,408623009	2,87198709974
76	14,878934793	0,037851	0,003663	424,131469022	2,92126401952
76,5	14,618122705	0,040293	0,00732601	416,86039923	2,97221804299
77	14,095964078	0,039072	0,023199	402,277553839	3,07996304585
77,5	13,83515199	0,041514	0,00610501	394,981006608	3,1368596952
78	13,312993363	0,045177	0,00488401	380,348517059	3,2575386637
78,5	12,986443802	0,047619	0,003663	371,181462469	3,33798997331
79	12,59522567	0,046398	0,0964591	360,18315194	3,43991659056
79,5	12,203473087	0,045177	0,286935	349,152989743	3,5485876862
80	11,942660999	0,045177	0,01221	341,800497505	3,62492158158
80,5	11,35529935	0,0512821	0,00488401	325,21662141	3,80976837723
81	11,093952811	0,0598291	0,029304	317,826535969	3,89835290569
81,5	10,767937701	0,0561661	0,002442	308,598568245	4,01492465453
82	10,310982096	0,0610501	0,208791	295,647536447	4,19080102912
82,5	10,050170008	0,0586081	0,00610501	288,247119998	4,29839507159
83	9,528011381	0,0598291	0,003663	273,413327494	4,53160060396
83,5	9,267199293	0,0671551	0,019536	265,995441862	4,65797455522
84	8,745040666	0,0720391	0,023199	251,12806114	4,9337377686
84,5	8,418491105	0,0757021	0,0940171	241,819562777	5,12365495071
85	8,157679017	0,0805861	0,00488401	234,379295193	5,28630312239
85,5	7,63552039	0,0830281	0,0879121	219,469073858	5,64544233145
86	7,374708302	0,0879121	0,00854701	212,014690343	5,84393467262
86,5	6,852549675	0,0915751	0,168498	197,077601127	6,28686361573
87	6,591737587	0,0989011	0,145299	189,610493719	6,53444846696
87,5	6,265188026	0,107448	0,213675	180,255787221	6,87356572071
88	5,743029399	0,115995	0,00854701	165,285402539	7,49612476944
88,5	5,482217311	0,1221	0,00488401	157,80265309	7,85157901811
89	4,960058684	0,129426	0,002442	142,812150174	8,67573241138
89,5	4,699246596	0,140415	0,003663	135,320050779	9,1560710543
90	4,437900057	0,148962	0,002442	127,809786244	9,69409335865
90,5	3,850538408	0,15873	0,020757	110,921422226	11,1700695424
91	3,654929342	0,175824	0,0708181	105,294414831	11,7670058948
91,5	3,067567693	0,191697	0,002442	88,3909061811	14,0172790792
92	2,871958627	0,213675	0,002442	82,7593806628	14,9711125201
92,5	2,284596978	0,242979	0,017094	65,8438839556	18,8172374648
93	2,02378489	0,291819	0,003663	58,3304020886	21,2410673617
93,5	1,762438351	0,420024	0,002442	50,8003114708	24,3896142391
94	1,240279724	1,15629	0,199023	35,7525198549	34,654899991
94,5	0,914264614	5	0,0512821	26,3556912606	47,0107191555
95	0,392105987	5	0,0757021	11,3037101916	109,610028831
95,5	0,131293899	5	0,0512821	3,78499313732	327,345375552
96	-0,13005264	5	0,018315	-3,74920968718	-330,469646506
96,5	-0,652211267	5	0,148962	-18,8018181819	-65,897882216
97	-0,913023355	0,927961	0,0647131	-26,3199122667	-47,0746250004
97,5	-1,239572916	0,394383	0,0659341	-35,7321484639	-34,6746572278
98	-1,69599407	0,310134	0,003663	-48,8856998471	-25,3448350719
98,5	-2,022543631	0,263736	0,002442	-58,2946408516	-21,2540978364
99	-2,478964785	0,2442	0,002442	-71,442358477	-17,3426525441
99,5	-2,805514346	0,218559	0,003663	-80,8462472564	-15,3253866697
100	-3,327672973	0,189255	0,003663	-95,8776511295	-12,9227195848
100,5	-3,588485061	0,168498	0,003663	-103,382756375	-11,9845905008
101	-4,110643688	0,153846	0,00732601	-118,401752586	-10,4643721308
101,5	-4,371455776	0,147741	0,00488401	-125,899959725	-9,84114691308
102	-4,632802315	0,130647	0,00488401	-133,410915146	-9,28709617684
102,5	-5,220163964	0,123321	0,034188	-150,280998728	-8,24455526973
103	-5,41577303	0,117216	0,003663	-155,89582499	-7,94761501841
103,5	-6,003134679	0,108669	0,0622711	-172,74446271	-7,17244408627
104	-6,198743745	0,103785	0,00488401	-178,351622737	-6,94695109013
104,5	-6,525293306	0,0989011	0,120879	-187,707545244	-6,60069363963
105	-7,046917482	0,0879121	0,00610501	-202,63974707	-6,11429898584
105,5	-7,373467043	0,0866911	0,0549451	-211,979202754	-5,84491300987
106	-7,89562567	0,0854701	0,0891331	-226,898726789	-5,46058595186
106,5	-8,156437758	0,0805861	0,021978	-234,343873677	-5,28710215701
107	-8,548190341	0,0732601	0,0695971	-245,517677389	-5,0464798021
107,5	-9,004611495	0,0732601	0,100122	-258,521484646	-4,79263842113
108	-9,200755012	0,0708181	0,01221	-264,104780153	-4,69131985905
108,5	-9,788116661	0,0647131	0,0866911	-280,805468216	-4,41230723844
109	-9,983725727	0,0647131	0,0573871	-286,360835044	-4,32670899221
109,5	-10,571087376	0,0573871	0,0525031	-303,021796486	-4,08881477955
110	-10,831899464	0,0573871	0,003663	-310,409824754	-3,99149737281
110,5	-11,093246003	0,0573871	0,223443	-317,806540553	-3,89859817814
111	-11,614870179	0,0537241	0,0793651	-332,549797882	-3,72575778993
111,5	-11,94141974	0,0525031	0,010989	-341,76548841	-3,62529290411
112	-12,398375345	0,0500611	0,145299	-354,642718495	-3,49365695497
112,5	-12,724390455	0,047619	0,23199	-363,816241972	-3,40556538456
113	-13,246549082	0,046398	0,100122	-378,484253106	-3,27358401263
113,5	-13,50736117	0,045177	0,00488401	-385,79905623	-3,21151640989
114	-13,768707709	0,041514	0,003663	-393,120829892	-3,15170274834
114,5	-14,290866336	0,043956	0,0891331	-407,724756715	-3,03881473861
115	-14,551678424	0,041514	0,040293	-415,006640686	-2,98549439583
115,5	-15,139040073	0,041514	0,128205	-431,374081439	-2,87221706939
116	-15,399852161	0,041514	0,117216	-438,627448373	-2,82472062475
116,5	-15,922010788	0,035409	0,031746	-453,121582128	-2,73436545261
117	-16,182822876	0,034188	0,0793651	-460,347213218	-2,69144672635
117,5	-16,509372437	0,039072	0,0500611	-469,380592786	-2,63964897365
118	-16,966328042	0,032967	0,019536	-481,995749315	-2,57056208849
118,5	-17,292343152	0,034188	0,003663	-490,977344091	-2,52353803065
119	-17,749298757	0,034188	0,00488401	-503,539480302	-2,46058163951
119,5	-18,075313867	0,039072	0,002442	-512,482409936	-2,41764395417
120	-18,597472494	0,031746	0,00488401	-526,771067877	-2,3520653953
120,5	-18,858819033	0,032967	0,003663	-533,906354755	-2,32063167813
121	-19,119631121	0,030525	0,001221	-541,015975768	-2,2901356993
121,5	-19,641789748	0,035409	0,00488401	-555,215950522	-2,23156413074
122	-19,902601836	0,034188	0,002442	-562,291475713	-2,2034835197
122,5	-20,489963485	0,030525	0,001221	-578,18301734	-2,14292008385
123	-20,750775573	0,031746	0,014652	-585,220116616	-2,11715210196
123,5	-21,2729342	0,030525	0,0683761	-599,272148264	-2,06750806556
124	-21,534280739	0,030525	0,0866911	-606,286738521	-2,04358749957
124,5	-21,795092827	0,025641	0,002442	-613,274408411	-2,02030279269
125	-22,317251454	0,026862	0,25641	-627,225734124	-1,97536537899
125,5	-22,578063542	0,02442	0,00732601	-634,174821053	-1,95371995051
126	-23,100222169	0,028083	0,018315	-648,047601144	-1,91189659187
126,5	-23,42677173	0,029304	0,003663	-656,696131439	-1,88671737305
127	-23,948395906	0,032967	0,00976801	-670,466764816	-1,84796631991
127,5	-24,209742445	0,039072	0,021978	-677,345366056	-1,82919978801
128	-24,666163599	0,0647131	0,002442	-689,32441888	-1,79741202555
128,5	-24,99271316	0,202686	0,021978	-697,868112715	-1,77540709688
129	-25,253525248	0,509158	0,120879	-704,675611787	-1,75825582619
129,5	-25,775683875	0,857143	0,01221	-718,260538985	-1,72500079393
130	-26,037030414	1,08913	0,021978	-725,037624562	-1,70887683346
130,5	-26,623857612	1,19292	0,107448	-740,199707265	-1,67387258849
131	-26,820001129	1,22589	0,017094	-745,250308443	-1,66252866448
131,5	-27,407362778	1,22833	0,018315	-760,322116928	-1,62957248305
132	-27,668174866	1,21856	0,251526	-766,989079953	-1,61540761451
132,5	-28,190333493	1,19902	0,028083	-780,288769827	-1,58787367948
133	-28,451145581	1,18437	0,00488401	-786,907608263	-1,57451775404
133,5	-28,973304208	1,16484	0,0561661	-800,109711045	-1,5485376354
134	-29,234116296	1,1514	0,212454	-806,679188885	-1,5359265704
134,5	-29,560665857	1,13919	0,003663	-814,880916483	-1,5204675615
135	-30,017621462	1,13065	0,00488401	-826,313470509	-1,49943095958
135,5	-30,343636572	1,12454	0,019536	-834,437946298	-1,48483180265
136	-30,865795199	1,116	0,124542	-847,394030213	-1,46212972457
136,5	-31,126607287	1,11355	0,021978	-853,839152576	-1,45109297959
137	-31,648765914	1,10501	0,00488401	-866,689303118	-1,42957804549
137,5	-31,975315475	1,10012	0,0647131	-874,689062815	-1,41650336408
138	-32,301330585	1,0989	0,028083	-882,647387231	-1,40373156702
138,5	-32,75828619	1,0989	0,041514	-893,753931597	-1,38628760803
139	-32,953895256	1,09646	0,00488401	-898,490976905	-1,37897878982
139,5	-33,541256905	1,09158	0,0805861	-912,651900132	-1,35758222803
140	-33,802068993	1,07692	0,0940171	-918,909255512	-1,34833770861
140,5	-34,32422762	1,07082	0,028083	-931,379439401	-1,33028489527
141	-34,585574159	1,06471	0,003663	-937,59193034	-1,32147041789
141,5	-35,107198335	1,05617	0,00488401	-949,933052208	-1,30430244228
142	-35,368544874	1,04884	0,014652	-956,086715638	-1,29590755706
142,5	-35,890703501	1,03785	0,0818071	-968,321755967	-1,27953337035
143	-36,151515589	1,01709	0,00732601	-974,40296062	-1,27154786066
143,5	-36,47806515	1,00611	0,00488401	-981,988447636	-1,26172563739
144	-36,934486304	0,993895	0,013431	-992,537244897	-1,24831587567
144,5	-37,261035865	0,976801	0,0622711	-1000,04583983	-1,23894320705
145	-37,783194492	0,964591	0,112332	-1011,98461742	-1,22432691038
145,5	-38,04400658	0,93895	0,00610501	-1017,91648275	-1,217192197
146	-38,566165207	0,924298	0,017094	-1029,72886128	-1,20322936123
146,5	-38,892180317	0,912088	0,003663	-1037,06073555	-1,19472269804
147	-39,349135922	0,891331	0,00610501	-1047,28081284	-1,18306378271
147,5	-39,675151032	0,876679	0,029304	-1054,53165141	-1,17492917196
148	-40,001700593	0,851038	0,100122	-1061,7601505	-1,16693021434
148,5	-40,458656198	0,836386	0,00854701	-1071,81736641	-1,1559805232
149	-40,719468286	0,825397	0,00488401	-1077,52710607	-1,14985506446
149,5	-41,306829935	0,809524	0,002442	-1090,30378019	-1,13638054138
150	-41,502439001	0,785104	0,00732601	-1094,53342892	-1,1319891812
150,5	-42,08980065	0,770452	0,019536	-1107,15706821	-1,11908240987
151	-42,285944167	0,750916	0,042735	-1111,34675619	-1,1148635591
151,5	-42,611959277	0,735043	0,117216	-1118,28170414	-1,10794980854
152	-43,068914882	0,717949	0,00976801	-1127,94101081	-1,09846169979
152,5	-43,394929992	0,698413	0,003663	-1134,7886294	-1,09183328763
153	-43,917088619	0,691087	0,003663	-1145,67940597	-1,08145436982
153,5	-44,243103729	0,672772	0,113553	-1152,43098034	-1,07511861547
154	-44,439247246	0,656899	0,0732601	-1156,47503014	-1,07135905896
154,5	-45,026608895	0,641026	0,00488401	-1168,50389321	-1,06033022843
155	-45,222217961	0,625153	0,003663	-1172,48267034	-1,05673203651
155,5	-45,80957961	0,60928	0,003663	-1184,34756124	-1,04614560839
156	-46,070391698	0,600733	0,026862	-1189,57621779	-1,04154738593
156,5	-46,592550325	0,579976	0,0586081	-1199,97006337	-1,03252575862
157	-46,853362413	0,567766	0,037851	-1205,12439847	-1,02810963049
157,5	-47,37552104	0,554335	0,030525	-1215,36848223	-1,01944391196
158	-47,636867579	0,543346	0,01221	-1220,45791532	-1,01519272762
158,5	-47,897679667	0,528694	0,01221	-1225,5116257	-1,01100632097
159	-48,485041316	0,515263	0,015873	-1236,79968176	-1,00177904172
159,5	-48,745853404	0,505495	0,01221	-1241,77042968	-0,997768967905
160	-49,268012031	0,493284	0,00610501	-1251,64468481	-0,989897544433
160,5	-49,52935857	0,478632	0,00488401	-1256,54788102	-0,986034848902
161	-49,790170658	0,465201	0,003663	-1261,41498678	-0,982230283438
161,5	-50,312329285	0,460317	0,002442	-1271,08052413	-0,974761218095
162	-50,573141373	0,438339	0,040293	-1275,86886233	-0,971102937442
162,5	-51,160503022	0,431013	0,046398	-1286,55547465	-0,963036592212
163	-51,421849561	0,426129	0,002442	-1291,26708511	-0,959522638105
163,5	-51,943473737	0,412698	0,02442	-1300,59061526	-0,952644118342
164	-52,204820276	0,401709	0,014652	-1305,22144664	-0,94926420585
164,5	-52,726978903	0,388278	0,113553	-1314,39221363	-0,942641007113
165	-52,987790991	0,380952	0,026862	-1318,93207018	-0,939396370754
165,5	-53,509949618	0,374847	0,032967	-1327,93886381	-0,933024880709
166	-53,770761706	0,360195	0,040293	-1332,39639541	-0,929903446352
166,5	-54,358123355	0,347985	0,0610501	-1342,33373633	-0,923019340472
167	-54,553732421	0,333333	0,00488401	-1345,61190799	-0,920770686293
167,5	-54,880281982	0,31746	0,043956	-1351,0495194	-0,917064831607
168	-55,402440609	0,297924	0,013431	-1359,65309341	-0,911261854957
168,5	-55,728455719	0,295482	0,00732601	-1364,96760555	-0,907713849736
169	-56,185411324	0,289377	0,042735	-1372,34221478	-0,902836032192
169,5	-56,511426434	0,274725	0,04884	-1377,55030491	-0,899422689378
170	-56,707569951	0,271062	0,019536	-1380,66221901	-0,897395454833
170,5	-57,2949316	0,26862	0,0586081	-1389,88408445	-0,891441245975
171	-57,490540666	0,255189	0,021978	-1392,92286836	-0,889496488386
171,5	-58,077902315	0,250305	0,025641	-1401,94981475	-0,883769152763
172	-58,338714403	0,251526	0,00732601	-1405,91096094	-0,881279138169
172,5	-58,86087303	0,250305	0,00488401	-1413,75374395	-0,876390252052
173	-59,121685118	0,250305	0,00488401	-1417,62719082	-0,87399565134
173,5	-59,709046767	0,257631	0,003663	-1426,24269565	-0,868716105454
174	-59,905190284	0,255189	0,003663	-1429,08641781	-0,86698745755
174,5	-60,166002372	0,257631	0,00610501	-1432,84176943	-0,864715160064
175	-60,688160999	0,263736	0,0720391	-1440,27086893	-0,860254849786
175,5	-61,014176109	0,252747	0,021978	-1444,84868433	-0,857529244022
176	-61,536334736	0,249084	0,037851	-1452,0831707	-0,853256910483
176,5	-61,797146824	0,253968	0,0769231	-1455,65158526	-0,851165218755
177	-62,058493363	0,242979	0,00488401	-1459,19705685	-0,849097107333
177,5	-62,645855012	0,235653	0,00610501	-1467,0544036	-0,844549457036
178	-62,841464078	0,233211	0,017094	-1469,63695458	-0,843065354435
178,5	-63,428825727	0,218559	0,00610501	-1477,28860359	-0,838698678774
179	-63,624434793	0,213675	0,00610501	-1479,80241125	-0,837273943185
179,5	-63,950984354	0,202686	0,0793651	-1483,96051371	-0,834927876148
180	-64,407405508	0,192918	0,014652	-1489,69152856	-0,831715812464
180,5	-64,733955069	0,192918	0,00488401	-1493,73383091	-0,829465045485
181	-65,190910674	0,181929	0,0964591	-1499,30892476	-0,826380727506
181,5	-65,516925784	0,17094	0,003663	-1503,22820719	-0,824226151475
182	-65,973881389	0,166056	0,00488401	-1508,63968349	-0,821269660051
182,5	-66,299896499	0,155067	0,034188	-1512,44186956	-0,819205038512
183	-66,691649082	0,150183	0,02442	-1516,9459415	-0,816772678644
183,5	-67,083401665	0,144078	0,0854701	-1521,37909701	-0,814392679925
184	-67,344213753	0,133089	0,103785	-1524,291077	-0,812836877875
184,5	-67,86637238	0,131868	0,00488401	-1530,02602813	-0,809790145541
185	-68,127184468	0,124542	0,0622711	-1532,84301046	-0,808301953652
185,5	-68,714546117	0,118437	0,003663	-1539,07059642	-0,805031298034
186	-68,910155183	0,115995	0,00610501	-1541,10869973	-0,803966650902
186,5	-69,497516832	0,103785	0,028083	-1547,12053748	-0,800842578186
187	-69,758863371	0,102564	0,0866911	-1549,74327525	-0,79948725688
187,5	-70,019675459	0,100122	0,037851	-1552,32850455	-0,798155800378
188	-70,541834086	0,0952381	0,003663	-1557,40754569	-0,79555284256
188,5	-70,867849196	0,0927961	0,00732601	-1560,51313226	-0,793969608063
189	-71,324804801	0,0854701	0,0525031	-1564,78098474	-0,791804100436
189,5	-71,651354362	0,0830281	0,00488401	-1567,76991542	-0,790294537366
190	-72,172978538	0,0818071	0,00732601	-1572,43869315	-0,787948048721
190,5	-72,434325077	0,0769231	0,0683761	-1574,72888242	-0,786802105321
191	-72,695137165	0,0805861	0,103785	-1576,98172502	-0,785678096544
191,5	-73,217295792	0,0708181	0,015873	-1581,39378343	-0,783486069681
