Vernier Format 2
Bandlücke-Si.cmbl 09.09.2013 10:06:14 ,
Latest
Time	Winkel	Pyro	Sample	Wellenlänge	Energie
t	Pot	Pot	Pot	Lambda	E
s	°	V	V	nm	eV

0	73,6751719854	0,025641	0,020757	1585,1546083	0,781627226461
0,5	73,414146117	0,035409	0,021978	1583,02302907	0,782679706643
1	73,1531202486	0,034188	0,021978	1580,85859431	0,783751313658
1,5	72,6963249789	0,037851	0,013431	1576,99191041	0,785673022051
2	72,3047861763	0,037851	0,00854701	1573,5978205	0,787367638577
2,5	72,0437603079	0,043956	0,01221	1571,29425919	0,788521941547
3	71,5217085711	0,046398	0,010989	1566,58934879	0,790890095707
3,5	71,2606827027	0,0537241	0,014652	1564,18809735	0,792104224611
4	70,9996568343	0,0537241	0,014652	1561,75438131	0,793338577964
4,5	70,4776050975	0,0586081	0,01221	1556,78975815	0,795868545197
5	70,2165792291	0,0647131	0,017094	1554,25895407	0,797164460113
5,5	69,8902968936	0,0720391	0,014652	1551,05009165	0,798813659645
6	69,4335016239	0,0744811	0,017094	1546,47320416	0,801177800347
6,5	69,1724757555	0,0781441	0,015873	1543,81368784	0,802557983364
7	68,9114498871	0,0854701	0,014652	1541,12212979	0,803959644762
7,5	68,3893981503	0,0940171	0,014652	1535,64311262	0,806828090343
8	68,0631158148	0,0964591	0,013431	1532,1539576	0,808665469849
8,5	67,541064078	0,106227	0,015873	1526,4680082	0,811677672471
9	67,2800382096	0,114774	0,017094	1523,57748126	0,813217585087
9,5	66,9537558741	0,117216	0,014652	1519,91986161	0,815174557092
10	66,4969606044	0,129426	0,01221	1514,71641328	0,817974895588
10,5	66,235934736	0,135531	0,01221	1511,69976593	0,819607191803
11	65,7138829992	0,141636	0,015873	1505,57240885	0,822942817441
11,5	65,3876006637	0,144078	0,014652	1501,67930571	0,825076296444
12	65,1265747953	0,153846	0,014652	1498,52975398	0,826810409811
12,5	64,6045230585	0,159951	0,010989	1492,13741093	0,830352480223
13	64,3434971901	0,166056	0,010989	1488,89475229	0,832160901969
13,5	64,0824713217	0,178266	0,00854701	1485,62119175	0,83399456529
14	63,5604195849	0,18315	0,013431	1478,98163741	0,837738595707
14,5	63,2993937165	0,189255	0,01221	1475,61578141	0,839649464047
15	62,7773419797	0,194139	0,010989	1468,79226103	0,843550196219
15,5	62,4510596442	0,201465	0,00976801	1464,46560276	0,846042404592
16	62,1900337758	0,20757	0,010989	1460,97007516	0,848066651786
16,5	61,667982039	0,212454	0,00854701	1453,88812619	0,852197619394
17	61,4069561706	0,216117	0,00976801	1450,3018518	0,854304914847
17,5	60,8849044338	0,221001	0,00976801	1443,03907537	0,858604608251
18	60,6238785654	0,221001	0,00732601	1439,36272408	0,860797614996
18,5	60,362852697	0,21978	0,00976801	1435,65649892	0,863019810748
19	59,8408009602	0,216117	0,00976801	1428,15473534	0,867553052437
19,5	59,5797750918	0,216117	0,00732601	1424,35935262	0,869864755494
20	58,9924668879	0,216117	0,00732601	1415,71177472	0,875178141573
20,5	58,7314410195	0,214896	0,00732601	1411,82060517	0,877590251528
21	58,4704151511	0,214896	0,00732601	1407,90013339	0,880034009953
21,5	57,9483634143	0,21978	0,00854701	1399,97160925	0,885017947377
22	57,6873375459	0,228327	0,00976801	1395,96372143	0,887558882066
22,5	57,100029342	0,235653	0,014652	1386,8401686	0,893397832033
23	56,8390034736	0,245421	0,013431	1382,73842541	0,896047999561
23,5	56,5779776052	0,253968	0,014652	1378,60798359	0,898732645356
24	56,0559258684	0,25641	0,017094	1370,26134758	0,904207071294
24,5	55,7949	0,263736	0,019536	1366,04532662	0,906997722447
25	55,272741373	0,277167	0,017094	1357,52656087	0,912689324622
25,5	54,946726263	0,291819	0,015873	1352,15056332	0,916318074043
26	54,424567636	0,306471	0,015873	1343,44901877	0,922253083438
26,5	54,163221097	0,315018	0,015873	1339,05184895	0,925281572159
27	53,902409009	0,324786	0,013431	1334,6358964	0,928343080941
27,5	53,380250382	0,340659	0,01221	1325,71192818	0,934592179236
28	53,119438294	0,345543	0,00854701	1321,21323151	0,937774441286
28,5	52,858091755	0,346764	0,00732601	1316,67785528	0,941004661872
29	52,336467579	0,367521	0,00732601	1307,54384232	0,947578169006
29,5	52,009918018	0,372405	0,00610501	1301,77051876	0,951780657301
30	51,552962413	0,387057	0,00976801	1293,62070134	0,957776880591
30,5	51,226947303	0,399267	0,00854701	1287,75588766	0,9621388742
31	50,966135215	0,406593	0,00976801	1283,03400864	0,965679780628
31,5	50,443976588	0,41514	0,010989	1273,50078011	0,972908709087
32	50,182630049	0,431013	0,013431	1268,68951989	0,976598277653
32,5	49,661005873	0,443223	0,015873	1259,00785812	0,984108234124
33	49,399659334	0,454212	0,018315	1254,11781846	0,987945455968
33,5	49,138847246	0,467643	0,021978	1249,2117657	0,99182543266
34	48,616688619	0,477411	0,017094	1239,31192218	0,999748310189
34,5	48,290139058	0,487179	0,014652	1233,06835458	1,00481047575
35	48,094529992	0,500611	0,01221	1229,30914978	1,00788316773
35,5	47,507168343	0,512821	0,013431	1217,93533433	1,01729538924
36	47,311559277	0,528694	0,00732601	1214,11904233	1,02049301329
36,5	46,724197628	0,537241	0,00610501	1202,57487596	1,03028927742
37	46,46338554	0,549451	0,00732601	1197,40821357	1,03473484311
37,5	45,941226913	0,567766	0,00732601	1186,98984791	1,04381684661
38	45,679880374	0,58486	0,00976801	1181,73825961	1,04845551874
38,5	45,419068286	0,59707	0,015873	1176,47289888	1,05314793157
39	44,831706637	0,612943	0,014652	1164,525947	1,06395224872
39,5	44,570894549	0,627595	0,021978	1159,18171118	1,06885744319
40	44,048735922	0,642247	0,020757	1148,41021879	1,07888277179
40,5	43,787923834	0,65812	0,01221	1142,99421052	1,08399499192
41	43,526577295	0,672772	0,01221	1137,5433472	1,08918926303
41,5	43,004418668	0,683761	0,010989	1126,58199893	1,09978678976
42	42,74360658	0,702076	0,00854701	1121,07183782	1,10519233309
42,5	42,156244931	0,71917	0,00610501	1108,57779488	1,11764822074
43	41,960635865	0,741148	0,00854701	1104,39097868	1,12188529599
43,5	41,634086304	0,759463	0,013431	1097,37285533	1,12906018586
44	41,111927677	0,772894	0,013431	1086,0767754	1,14080332815
44,5	40,851115589	0,788767	0,017094	1080,40067785	1,1467967629
45	40,394159984	0,808303	0,019536	1070,40197536	1,15750907465
45,5	40,068144874	0,818071	0,00976801	1063,22674558	1,16532057264
46	39,806798335	0,836386	0,010989	1057,44992963	1,17168668254
46,5	39,285174159	0,858364	0,00976801	1045,85426558	1,18467748402
47	39,02382762	0,873016	0,00732601	1040,01189705	1,19133252563
47,5	38,436465971	0,894994	0,00976801	1026,80272403	1,20665827136
48	38,175653883	0,908425	0,014652	1020,9026439	1,21363188489
48,5	37,653495256	0,92674	0,018315	1009,02694586	1,22791567171
49	37,392683168	0,941392	0,018315	1003,06372935	1,23521563361
49,5	37,131336629	0,954823	0,025641	997,067444863	1,2426441224
50	36,609712453	0,967033	0,013431	985,037501968	1,25782013124
50,5	36,348365914	0,982906	0,00732601	978,979442247	1,26560369558
51	36,087553826	0,993895	0,00732601	972,913464953	1,27349455489
51,5	35,500192177	1,00855	0,00732601	959,178956058	1,29172975718
52	35,304583111	1,01954	0,00854701	954,582506061	1,29794961895
52,5	34,912830528	1,03541	0,014652	945,343646881	1,31063450216
53	34,455874923	1,04518	0,014652	934,511268956	1,32582670874
53,5	34,195062835	1,05861	0,015873	928,301888874	1,33469511896
54	33,672904208	1,0696	0,018315	915,812729678	1,35289667838
54,5	33,41209212	1,07937	0,010989	909,545992567	1,36221808476
55	32,889933493	1,08547	0,00732601	896,943170877	1,38135841849
55,5	32,563383932	1,09524	0,00854701	889,023642134	1,3936637242
56	32,237368822	1,10501	0,00976801	881,088267828	1,40621552373
56,5	31,780413217	1,11966	0,01221	869,917779653	1,42427253354
57	31,519601129	1,12943	0,021978	863,517260033	1,43482945547
57,5	30,997442502	1,13797	0,015873	850,649468106	1,45653415003
58	30,736630414	1,1453	0,015873	844,195633194	1,46766928338
58,5	30,149268765	1,15507	0,015873	829,597428879	1,49349546764
59	29,887922226	1,16117	0,00610501	823,073840802	1,50533274
59,5	29,627110138	1,1746	0,00732601	816,546520967	1,51736608777
60	29,104951511	1,18193	0,00854701	803,42779621	1,54214231303
60,5	28,844139423	1,19536	0,010989	796,850090725	1,55487213269
61	28,647995906	1,20635	0,018315	791,892447285	1,5646064112
61,5	28,060634257	1,21368	0,015873	776,991259915	1,59461253159
62	27,799822169	1,21978	0,020757	770,348263986	1,60836346095
62,5	27,21246052	1,21123	0,010989	755,329669067	1,64034335038
63	26,951648432	1,18681	0,00610501	748,635268595	1,65501152828
63,5	26,690301893	1,13797	0,00732601	741,911590045	1,67001030396
64	26,168677717	0,993895	0,01221	728,445721002	1,70088170509
64,5	25,907331178	0,711844	0,017094	721,676216589	1,71683640325
65	25,385172551	0,367521	0,017094	708,106223224	1,74973748198
65,5	25,059157441	0,117216	0,017094	699,603764105	1,77100247822
66	24,602201836	0,034188	0,013431	687,648321335	1,80179309912
66,5	24,276186726	0,014652	0,00610501	679,091928188	1,82449525399
67	24,014840187	0,01221	0,00976801	672,216896324	1,84315509886
67,5	23,49268156	0,01221	0,01221	658,439147909	1,88172286526
68	23,231869472	0,014652	0,015873	651,53677399	1,90165781804
68,5	22,709710845	0,015873	0,020757	637,677455235	1,94298855923
69	22,448898757	0,010989	0,018315	630,734983213	1,96437494824
69,5	22,187552218	0,014652	0,010989	623,765175293	1,98632441995
70	21,665928042	0,010989	0,00610501	609,815408536	2,03176237048
70,5	21,339378481	0,014652	0,010989	601,056713065	2,06136953979
71	20,817219854	0,014652	0,01221	587,010950082	2,1106931648
71,5	20,556407766	0,017094	0,014652	579,976926263	2,13629188317
72	20,295595678	0,019536	0,021978	572,930884778	2,16256451331
72,5	19,773437051	0,013431	0,013431	558,788834156	2,2172955583
73	19,512090512	0,01221	0,014652	551,693070553	2,24581396094
73,5	18,924728863	0,01221	0,00610501	535,704077706	2,31284407113
74	18,663916775	0,014652	0,00732601	528,58617547	2,34398865786
74,5	18,403104687	0,017094	0,010989	521,457320432	2,37603338078
75	17,88094606	0,017094	0,021978	507,152679913	2,44305127247
75,5	17,619599521	0,018315	0,021978	499,977147725	2,47811326105
76	17,097975345	0,015873	0,015873	485,624478304	2,55135409221
76,5	16,836628806	0,015873	0,00732601	478,418228382	2,5897842651
77	16,510613696	0,017094	0,00732601	469,414900981	2,63945604925
77,5	15,988455069	0,019536	0,01221	454,963275424	2,72329672949
78	15,727642981	0,021978	0,01221	447,730632966	2,76728887589
78,5	15,205484354	0,025641	0,020757	433,222797941	2,85996029269
79	14,944137815	0,025641	0,017094	425,947869163	2,9088066632
79,5	14,487716661	0,017094	0,01221	413,221615759	2,99839106365
80	14,1611671	0,021978	0,010989	404,100394117	3,06606976395
80,5	13,83515199	0,021978	0,00732601	394,981006608	3,1368596952
81	13,378196385	0,030525	0,010989	382,177457074	3,24194945847
81,5	13,051646824	0,026862	0,010989	373,012845607	3,32160142631
82	12,530022648	0,029304	0,018315	358,348453726	3,4575285232
82,5	12,268676109	0,029304	0,01221	350,989988316	3,53001521765
83	12,007864021	0,030525	0,00732601	343,639290495	3,60552484616
83,5	11,420502372	0,028083	0,00732601	327,059315938	3,78830364897
84	11,224893306	0,039072	0,01221	321,529971216	3,85345103386
84,5	10,637531657	0,039072	0,013431	304,904566844	4,06356655404
85	10,44138814	0,042735	0,019536	299,345456966	4,13903057878
85,5	10,11537303	0,040293	0,00854701	290,097790048	4,27097359065
86	9,658417425	0,043956	0,00854701	277,120155393	4,47098479084
86,5	9,332402315	0,047619	0,00976801	267,850435996	4,62571582306
87	8,810243688	0,0512821	0,015873	252,985746489	4,8975091174
87,5	8,5494316	0,0525031	0,021978	245,553063362	5,04575256784
88	8,027272973	0,0537241	0,00976801	230,657330551	5,37160469619
88,5	7,700723412	0,0586081	0,00854701	221,331965205	5,59792616875
89	7,439911324	0,0586081	0,00854701	213,878704114	5,7930031189
89,5	6,917752697	0,0647131	0,015873	198,943745953	6,22789117628
90	6,656940609	0,0695971	0,014652	191,477644951	6,47072926093
90,5	6,06957896	0,0769231	0,018315	174,649325984	7,09421575501
91	5,873435443	0,0781441	0,00976801	169,025502626	7,33025478849
91,5	5,547420333	0,0854701	0,00976801	159,673653055	7,75957696396
92	5,090464728	0,0927961	0,00732601	146,557099871	8,45404283444
92,5	4,764449618	0,101343	0,015873	137,193344564	9,03105033222
93	4,242290991	0,111111	0,013431	122,186858072	10,1402067256
93,5	3,980944452	0,115995	0,017094	114,672046288	10,8047256512
94	3,459320276	0,126984	0,00854701	99,6661801724	12,4314988079
94,5	3,132770715	0,13431	0,00732601	90,267855652	13,7258162504
95	2,806755605	0,152625	0,014652	80,8819878916	15,3186145927
95,5	2,3498	0,17094	0,017094	67,722047324	18,2953712854
96	2,088987912	0,194139	0,017094	60,2088919493	20,5783557858
96,5	1,566829285	0,234432	0,00610501	45,1635925326	27,4336015034
97	1,305482746	0,426129	0,01221	37,631756404	32,9243202655
97,5	0,78385857	1,18926	0,010989	22,5967038597	54,8310057827
98	0,522512031	5	0,010989	15,062990622	82,2545821802
98,5	0,196496921	5	0,013431	5,66468583938	218,723515325
99	-0,260458684	5	0,00732601	-7,5085880336	-165,011050607
99,5	-0,586473794	5	0,00732601	-16,9068211284	-73,2840307819
100	-0,847820333	4,28938	0,00976801	-24,4404337892	-50,6946812272
100,5	-1,36997896	0,506716	0,017094	-39,4905738831	-31,3745757068
101	-1,630791048	0,291819	0,017094	-47,0067915408	-26,3578933892
101,5	-2,152949675	0,239316	0,00854701	-62,0515455666	-19,9672705762
102	-2,413761763	0,210012	0,00732601	-69,5643712105	-17,8108416484
102,5	-2,93592039	0,192918	0,00854701	-84,6009297001	-14,6452291292
103	-3,197266929	0,166056	0,020757	-92,1243437823	-13,4492138465
103,5	-3,784094127	0,144078	0,014652	-109,010188002	-11,3659101292
104	-4,045440666	0,135531	0,00732601	-116,526811388	-10,6327461057
104,5	-4,567599293	0,117216	0,00610501	-131,537270025	-9,4193835691
105	-4,828411381	0,113553	0,00854701	-139,030804152	-8,91169412104
105,5	-5,154960942	0,108669	0,015873	-148,408997495	-8,34855043097
106	-5,611382096	0,101343	0,013431	-161,508834204	-7,67140699213
106,5	-5,937931657	0,0891331	0,00854701	-170,874958711	-7,25091616319
107	-6,460090284	0,0818071	0,00854701	-185,83990071	-6,66702896023
107,5	-6,720902372	0,0781441	0,013431	-193,309010615	-6,40942704151
108	-6,98171446	0,0744811	0,019536	-200,774114975	-6,17111424028
108,5	-7,503873087	0,0683761	0,015873	-215,706963856	-5,74390357109
109	-7,765219626	0,0610501	0,00732601	-223,174380617	-5,5517125065
109,5	-8,352046824	0,0610501	0,00732601	-239,92455564	-5,16412334991
110	-8,613393363	0,0610501	0,013431	-247,376337273	-5,00856312151
110,5	-8,874205451	0,0561661	0,014652	-254,807749072	-4,8624894828
111	-9,396364078	0,0525031	0,00732601	-269,669779892	-4,59450814436
111,5	-9,657176166	0,0512821	0,018315	-277,084878999	-4,4715540035
112	-10,179334793	0,047619	0,018315	-291,912864183	-4,2444172629
112,5	-10,505884354	0,043956	0,015873	-301,173802359	-4,11390363403
113	-10,70149342	0,041514	0,010989	-306,716605053	-4,03955957906
113,5	-11,288855069	0,040293	0,00976801	-323,338414553	-3,83189854417
114	-11,549667157	0,043956	0,021978	-330,70837302	-3,74650326717
114,5	-12,137028806	0,03663	0,018315	-347,280555383	-3,56772062471
115	-12,333172323	0,029304	0,00610501	-352,806626441	-3,51183880105
115,5	-12,919999521	0,031746	0,010989	-369,314721096	-3,35486220621
116	-13,18134606	0,031746	0,020757	-376,654321003	-3,28948834757
116,5	-13,442158148	0,031746	0,017094	-383,971098979	-3,22680535929
117	-13,899113753	0,029304	0,00610501	-396,771180895	-3,12270663712
117,5	-14,225128863	0,025641	0,013431	-405,888024818	-3,05256603851
118	-14,74728749	0,029304	0,014652	-420,462418601	-2,94675563186
118,5	-15,008634029	0,026862	0,015873	-427,744036643	-2,89659210617
119	-15,334649139	0,020757	0,01221	-436,814952844	-2,83644136249
119,5	-15,791604744	0,026862	0,00854701	-449,505236303	-2,75636388619
120	-16,117619854	0,028083	0,00976801	-458,541693866	-2,70204436494
120,5	-16,639778481	0,028083	0,023199	-472,983787073	-2,61954010658
121	-16,90112502	0,025641	0,013431	-480,197548409	-2,58018809989
121,5	-17,422749196	0,020757	0,00732601	-494,565547362	-2,50522909776
122	-17,684095735	0,021978	0,013431	-501,748928763	-2,46936252172
122,5	-18,271457384	0,026862	0,020757	-517,854852486	-2,39256230593
123	-18,46706645	0,019536	0,015873	-523,206612164	-2,36808933831
123,5	-18,79308156	0,019536	0,00610501	-532,112629179	-2,3284544137
124	-19,315240187	0,02442	0,00854701	-546,340842778	-2,26781507621
124,5	-19,576586726	0,019536	0,021978	-553,445265899	-2,23870376411
125	-20,098210902	0,019536	0,014652	-567,590481511	-2,18291187108
125,5	-20,359557441	0,017094	0,00732601	-574,659965894	-2,15605762283
126	-20,881716068	0,01221	0,00976801	-588,748523415	-2,10446387672
126,5	-21,207731178	0,019536	0,018315	-597,520137782	-2,07357028099
127	-21,664686783	0,017094	0,010989	-609,782152876	-2,0318731766
127,5	-21,990701893	0,014652	0,00732601	-618,50682936	-2,00321151067
128	-22,252048432	0,015873	0,010989	-625,486426025	-1,98085833433
128,5	-22,774207059	0,020757	0,019536	-639,392226742	-1,93777770229
129	-23,035019147	0,013431	0,015873	-646,318195824	-1,91701240659
129,5	-23,557177774	0,014652	0,00854701	-660,143937179	-1,87686340845
130	-23,75278684	0,018315	0,01221	-665,309228266	-1,86229191985
130,5	-24,340148489	0,019536	0,020757	-680,772371866	-1,81999160249
131	-24,600960577	0,02442	0,015873	-687,615786057	-1,80187835289
131,5	-25,188322226	0,0610501	0,00732601	-702,975100408	-1,76250908358
132	-25,384465743	0,214896	0,010989	-708,087814403	-1,74978297154
132,5	-25,710480853	0,470085	0,020757	-716,567397568	-1,7290767124
133	-26,167436458	0,714286	0,01221	-728,413605115	-1,70095669727
133,5	-26,493451568	0,847375	0,00854701	-736,837009848	-1,681511628
134	-27,015610195	0,908425	0,00976801	-750,27844966	-1,65138689584
134,5	-27,276422283	0,915751	0,017094	-756,96902466	-1,63679088528
135	-27,79858091	0,912088	0,010989	-770,316610312	-1,60842955145
135,5	-28,125130471	0,896215	0,00732601	-778,631528554	-1,59125331375
136	-28,647289098	0,894994	0,010989	-791,874565478	-1,56464174254
136,5	-28,908101186	0,880342	0,020757	-798,464745788	-1,55172787094
137	-29,430259813	0,864469	0,014652	-811,608754541	-1,52659762856
137,5	-29,691071901	0,854701	0,00610501	-818,148857145	-1,51439434179
138	-29,886680967	0,849817	0,013431	-823,042816212	-1,50538948351
138,5	-30,474042616	0,84127	0,021978	-837,6801868	-1,47908476233
139	-30,735389155	0,830281	0,01221	-844,164876121	-1,46772275778
139,5	-31,322750804	0,826618	0,00732601	-858,674552865	-1,44292153047
140	-31,51835987	0,825397	0,01221	-863,486755743	-1,43488014351
140,5	-32,105721519	0,82906	0,015873	-877,875805349	-1,41136137077
141	-32,366533607	0,814408	0,013431	-884,235631107	-1,40121021639
141,5	-32,888692234	0,813187	0,00732601	-896,913122678	-1,38140469648
142	-33,149504322	0,813187	0,014652	-903,217549819	-1,37176253965
142,5	-33,671662949	0,810745	0,017094	-915,782949811	-1,35294067252
143	-33,933009488	0,798535	0,00854701	-922,043584444	-1,34375426596
143,5	-34,259024598	0,797314	0,00854701	-929,826467316	-1,33250670265
144	-34,715980203	0,788767	0,017094	-940,684536255	-1,31712593569
144,5	-35,041995313	0,78022	0,013431	-948,394696804	-1,30641810227
145	-35,56415394	0,772894	0,00732601	-960,679515884	-1,28971210431
145,5	-35,825500479	0,763126	0,020757	-966,798314788	-1,28154960662
146	-36,086312567	0,758242	0,015873	-972,884547405	-1,27353240763
146,5	-36,608471194	0,739927	0,00732601	-985,0087777	-1,25785681108
147	-36,80408026	0,730159	0,00732601	-989,52970057	-1,25210996627
147,5	-37,391441909	0,71917	0,01221	-1003,03529937	-1,2352506445
148	-37,652253997	0,709402	0,019536	-1008,99861509	-1,22795014925
148,5	-38,239615646	0,686203	0,014652	-1022,35154671	-1,21191189468
149	-38,435759163	0,680098	0,00732601	-1026,78676334	-1,20667702802
149,5	-39,022586361	0,666667	0,01221	-1039,98409714	-1,19136437125
150	-39,2839329	0,655678	0,013431	-1045,82656873	-1,18470885809
150,5	-39,806091527	0,634921	0,00976801	-1057,43427643	-1,17170402702
151	-40,066903615	0,627595	0,017094	-1063,19936092	-1,16535058761
151,5	-40,654265264	0,615385	0,019536	-1076,10175973	-1,15137810044
152	-40,84987433	0,594628	0,00976801	-1080,3736105	-1,1468254944
152,5	-41,176423891	0,58486	0,00732601	-1087,47695127	-1,13933449215
153	-41,632845045	0,571429	0,010989	-1097,34611035	-1,12908770379
153,5	-41,959394606	0,557998	0,010989	-1104,36436962	-1,1219123272
154	-42,416350211	0,542125	0,00732601	-1114,12506574	-1,11208340796
154,5	-42,742365321	0,531136	0,01221	-1121,04555818	-1,1052182411
155	-43,00371186	0,52381	0,019536	-1126,56709773	-1,09980133673
155,5	-43,525336036	0,500611	0,010989	-1137,51740189	-1,08921410603
156	-43,786682575	0,494505	0,010989	-1142,9683779	-1,08401949167
156,5	-44,308841202	0,483516	0,014652	-1153,78785013	-1,07385426173
157	-44,56965329	0,468864	0,010989	-1159,15621933	-1,06888094921
157,5	-45,091811917	0,459096	0,00732601	-1169,83166783	-1,05912673941
158	-45,352624005	0,445665	0,014652	-1175,12759911	-1,05435358759
158,5	-45,939985654	0,432234	0,014652	-1186,9649639	-1,0438387296
159	-46,201332193	0,423687	0,010989	-1192,1919733	-1,03926215555
159,5	-46,722956369	0,413919	0,014652	-1202,55034567	-1,03031029384
160	-46,984302908	0,404151	0,019536	-1207,70271938	-1,02591472232
160,5	-47,571664557	0,39072	0,00976801	-1219,19053221	-1,01624804923
161	-47,767273623	0,380952	0,00854701	-1222,98793819	-1,01309257541
161,5	-48,093288733	0,371184	0,017094	-1229,28524953	-1,00790276339
162	-48,61544736	0,363858	0,013431	-1239,28826563	-0,999767394207
162,5	-48,876793899	0,351648	0,00732601	-1244,25629425	-0,995775553415
163	-49,268012031	0,344322	0,014652	-1251,64468481	-0,989897544433
163,5	-49,659764614	0,335775	0,018315	-1258,98469482	-0,984126340133
164	-49,920576702	0,326007	0,00854701	-1263,83874431	-0,980346587396
164,5	-50,507938351	0,319902	0,014652	-1274,6742524	-0,972013043854
165	-50,76928489	0,308913	0,021978	-1279,45251634	-0,968382948311
165,5	-51,290909066	0,301587	0,010989	-1288,9098144	-0,961277496807
166	-51,552255605	0,29304	0,00732601	-1293,60803153	-0,957786261216
166,5	-52,074414232	0,286935	0,014652	-1302,91415448	-0,95094522977
167	-52,33522632	0,275946	0,00976801	-1307,52197743	-0,947594014773
167,5	-52,857384947	0,26862	0,00732601	-1316,66555223	-0,941013454709
168	-53,118197035	0,261294	0,01221	-1321,19175575	-0,937789684662
168,5	-53,705558684	0,258852	0,01221	-1331,28459721	-0,93068003836
169	-53,90116775	0,2442	0,00732601	-1334,61481377	-0,928357745783
169,5	-54,488529399	0,2442	0,017094	-1344,52092486	-0,921517826228
170	-54,749875938	0,229548	0,015873	-1348,8832882	-0,918537586492
170,5	-55,010688026	0,213675	0,00976801	-1353,20875184	-0,915601527346
171	-55,532846653	0,201465	0,014652	-1361,78419042	-0,909835793891
171,5	-55,793658741	0,199023	0,02442	-1366,02521033	-0,90701107903
172	-56,315817368	0,191697	0,00976801	-1374,43079209	-0,901464087626
172,5	-56,642366929	0,184371	0,014652	-1379,62953433	-0,898067176129
173	-57,098788083	0,181929	0,017094	-1386,82073158	-0,89341035347
173,5	-57,425337644	0,178266	0,00976801	-1391,91174256	-0,890142644905
174	-57,62094671	0,174603	0,00976801	-1394,93970689	-0,888210432234
174,5	-58,208308359	0,17094	0,018315	-1403,93402421	-0,882520103252
175	-58,469120447	0,166056	0,013431	-1407,88061472	-0,880046210629
175,5	-58,991279074	0,164835	0,00732601	-1415,6941342	-0,875189046888
176	-59,252625613	0,172161	0,017094	-1419,56078093	-0,872805177942
176,5	-59,839452811	0,168498	0,010989	-1428,13520899	-0,867564914161
177	-60,10079935	0,17094	0,00732601	-1431,90571192	-0,865280436894
177,5	-60,622957977	0,172161	0,013431	-1439,34970538	-0,86080540078
178	-60,818567043	0,172161	0,00854701	-1442,10759912	-0,85915919225
178,5	-61,144582153	0,168498	0,00732601	-1446,66672061	-0,85645158097
179	-61,66674078	0,17094	0,015873	-1453,87114368	-0,852207573816
179,5	-61,928087319	0,164835	0,01221	-1457,43173667	-0,850125579693
180	-62,449711495	0,157509	0,00732601	-1464,44762705	-0,846052789542
180,5	-62,776261056	0,15873	0,015873	-1468,77800603	-0,843558383166
181	-63,233216661	0,148962	0,013431	-1474,75757734	-0,840138080343
181,5	-63,559231771	0,142857	0,00854701	-1478,96639035	-0,837747232177
182	-63,82057831	0,144078	0,017094	-1482,30576856	-0,835859932733
182,5	-64,342202486	0,13431	0,014652	-1488,87859143	-0,832169934561
183	-64,603549025	0,128205	0,00854701	-1492,12536828	-0,830359181833
183,5	-65,125707652	0,126984	0,014652	-1498,51923911	-0,826816211405
184	-65,38651974	0,119658	0,018315	-1501,66632745	-0,825083427226
184,5	-65,908678367	0,10989	0,00854701	-1507,87338098	-0,821687029976
185	-66,169490455	0,112332	0,017094	-1510,92686437	-0,820026454766
185,5	-66,756852104	0,105006	0,018315	-1517,68871777	-0,816372939651
186	-66,95246117	0,100122	0,00854701	-1519,90524973	-0,815182393914
186,5	-67,279010731	0,0964591	0,018315	-1523,56604073	-0,813223691577
187	-67,735966336	0,0964591	0,013431	-1528,60564445	-0,810542604301
187,5	-68,061981446	0,0854701	0,01221	-1532,14174029	-0,808671918149
188	-68,518937051	0,0854701	0,020757	-1537,01455441	-0,806108176689
188,5	-68,844952161	0,0781441	0,00854701	-1540,43132662	-0,804320178764
189	-69,367110788	0,0805861	0,00976801	-1545,7998088	-0,801526816697
189,5	-69,693660349	0,0744811	0,020757	-1549,0919483	-0,7998234071
190	-70,150081503	0,0708181	0,00732601	-1553,60906039	-0,797497923765
190,5	-70,476631064	0,0683761	0,015873	-1556,78037434	-0,795873342461
191	-70,67224013	0,0671551	0,00854701	-1558,65583679	-0,79491570285
191,5	-71,259601779	0,0586081	0,00854701	-1564,1780861	-0,792109294341
192	-71,455210845	0,0634921	0,013431	-1565,98070178	-0,791197489591
192,5	-72,042572494	0,0573871	0,010989	-1571,28370212	-0,788527239432
193	-72,303919033	0,0586081	0,00854701	-1573,59022198	-0,787371440603
193,5	-72,564731121	0,0622711	0,017094	-1575,85938539	-0,786237662756
194	-73,021686726	0,0561661	0,00854701	-1579,75632065	-0,784298175485
