Vernier Format 2
Bandlücke-Si.cmbl 09.09.2013 10:14:35 ,
Latest
Time	Winkel	Pyro	Sample	Wellenlänge	Energie
t	Pot	Pot	Pot	Lambda	E
s	°	V	V	nm	eV

0	72,6310685118	0,00732601	0,015873	1576,43133862	0,785952403789
0,5	72,3700426434	0,00610501	0,01221	1574,16860958	0,787082141305
1	72,0437603079	0,00732601	0,014652	1571,29425919	0,788521941547
1,5	71,7827344395	0,00732601	0,018315	1568,95808579	0,78969604811
2	71,2606827027	0,00610501	0,013431	1564,18809735	0,792104224611
2,5	70,9996568343	0,00732601	0,015873	1561,75438131	0,793338577964
3	70,7386309659	0,00732601	0,010989	1559,28825119	0,794593301821
3,5	70,2165792291	0,00854701	0,017094	1554,25895407	0,797164460113
4	69,9555533607	0,00732601	0,013431	1551,69589147	0,798481201639
4,5	69,4335016239	0,00976801	0,023199	1546,47320416	0,801177800347
5	69,1724757555	0,010989	0,00854701	1543,81368784	0,802557983364
5,5	68,6504240187	0,00976801	0,013431	1538,39858587	0,805382955612
6	68,3893981503	0,013431	0,015873	1535,64311262	0,806828090343
6,5	67,8020899464	0,010989	0,015873	1529,32685343	0,810160363838
7	67,541064078	0,015873	0,015873	1526,4680082	0,811677672471
7,5	67,0190123412	0,015873	0,015873	1520,65533258	0,814780294691
8	66,7579864728	0,020757	0,017094	1517,70162282	0,816365998015
8,5	66,4969606044	0,017094	0,020757	1514,71641328	0,817974895588
9	65,9749088676	0,019536	0,00976801	1508,65174336	0,82126309498
9,5	65,7138829992	0,028083	0,017094	1505,57240885	0,822942817441
10	65,1265747953	0,02442	0,01221	1498,52975398	0,826810409811
10,5	64,8655489269	0,025641	0,020757	1495,34910038	0,82856906102
11	64,4087536572	0,026862	0,014652	1489,70831664	0,831706439549
11,5	64,0824713217	0,031746	0,020757	1485,62119175	0,83399456529
12	63,8214454533	0,030525	0,017094	1482,31679726	0,835853713785
12,5	63,2993937165	0,035409	0,017094	1475,61578141	0,839649464047
13	63,0383678481	0,03663	0,017094	1472,21929912	0,841586576634
13,5	62,5163161113	0,037851	0,015873	1465,33473828	0,845540590578
14	62,2552902429	0,040293	0,020757	1461,84680262	0,847558032605
14,5	61,667982039	0,03663	0,01221	1453,88812619	0,852197619394
15	61,4722126377	0,042735	0,017094	1451,20124527	0,853775452604
15,5	60,8849044338	0,043956	0,01221	1443,03907537	0,858604608251
16	60,6238785654	0,046398	0,015873	1439,36272408	0,860797614996
16,5	60,1018268286	0,043956	0,015873	1431,92047683	0,865271514757
17	59,8408009602	0,0500611	0,00976801	1428,15473534	0,867553052437
17,5	59,5797750918	0,0549451	0,01221	1424,35935262	0,869864755494
18	58,9924668879	0,0537241	0,010989	1415,71177472	0,875178141573
18,5	58,7314410195	0,0622711	0,010989	1411,82060517	0,877590251528
19	58,2093892827	0,0610501	0,00976801	1403,95044076	0,882509783844
19,5	57,9483634143	0,0647131	0,014652	1399,97160925	0,885017947377
20	57,4263116775	0,0610501	0,013431	1391,9268605	0,890132976923
20,5	57,1652858091	0,0622711	0,01221	1387,86111024	0,892740628623
21	56,5779776052	0,0695971	0,026862	1378,60798359	0,898732645356
21,5	56,3169517368	0,0695971	0,00610501	1374,44892887	0,901452192201
22	55,7949	0,0720391	0,014652	1366,04532662	0,906997722447
22,5	55,534087912	0,0744811	0,00976801	1361,80444121	0,909822264125
23	55,011929285	0,0805861	0,00976801	1353,22927065	0,915587644218
23,5	54,750582746	0,0879121	0,014652	1348,89504813	0,918529578498
24	54,163221097	0,0879121	0,00976801	1339,05184895	0,925281572159
24,5	53,902409009	0,0952381	0,018315	1334,6358964	0,928343080941
25	53,641596921	0,0940171	0,00732601	1330,19228894	0,931444280875
25,5	53,119438294	0,102564	0,013431	1321,21323151	0,937774441286
26	52,858091755	0,103785	0,015873	1316,67785528	0,941004661872
26,5	52,336467579	0,107448	0,01221	1307,54384232	0,947578169006
27	52,07512104	0,112332	0,014652	1302,92667833	0,950936089194
27,5	51,552962413	0,107448	0,00976801	1293,62070134	0,957776880591
28	51,292150325	0,119658	0,017094	1288,93219193	0,961260807789
28,5	50,704788676	0,119658	0,01221	1278,27578626	0,969274403318
29	50,443976588	0,124542	0,00976801	1273,50078011	0,972908709087
29,5	49,921817961	0,131868	0,015873	1263,8617832	0,980328716688
30	49,661005873	0,126984	0,019536	1259,00785812	0,984108234124
30,5	49,138847246	0,137973	0,01221	1249,2117657	0,99182543266
31	48,877500707	0,13431	0,010989	1244,26969516	0,995764828813
31,5	48,355876531	0,144078	0,01221	1234,3284695	1,0037846737
32	48,094529992	0,142857	0,017094	1229,30914978	1,00788316773
32,5	47,833717904	0,147741	0,014652	1224,27459591	1,01202786053
33	47,311559277	0,159951	0,028083	1214,11904233	1,02049301329
33,5	46,985009716	0,157509	0,020757	1207,71661988	1,02590291432
34	46,46338554	0,164835	0,030525	1197,40821357	1,03473484311
34,5	46,202039001	0,163614	0,04884	1192,20607608	1,03924986196
35	45,679880374	0,166056	0,0683761	1181,73825961	1,04845551874
35,5	45,419068286	0,173382	0,0989011	1176,47289888	1,05314793157
36	44,896909659	0,17094	0,125763	1165,85823995	1,06273640958
36,5	44,636097571	0,178266	0,159951	1160,52002628	1,06762483364
37	44,113938944	0,175824	0,194139	1149,76050708	1,0776157229
37,5	43,787923834	0,179487	0,222222	1142,99421052	1,08399499192
38	43,265765207	0,184371	0,261294	1132,08003563	1,09444558777
38,5	43,004418668	0,177045	0,296703	1126,58199893	1,09978678976
39	42,482794492	0,180708	0,345543	1115,53844704	1,11067440417
39,5	42,221447953	0,177045	0,398046	1109,97053133	1,1162458507
40	41,699289326	0,175824	0,440781	1098,77703819	1,12761730263
40,5	41,373274216	0,167277	0,505495	1091,74193047	1,13488358872
41	41,111927677	0,155067	0,559219	1086,0767754	1,14080332815
41,5	40,590303501	0,145299	0,628816	1074,70219339	1,15287752051
42	40,328956962	0,131868	0,705739	1068,96969445	1,15905998686
42,5	39,806798335	0,107448	0,776557	1057,44992963	1,17168668254
43	39,545986247	0,0915751	0,852259	1051,66299333	1,17813406753
43,5	39,02382762	0,0610501	0,894994	1040,01189705	1,19133252563
44	38,763015532	0,045177	0,923077	1034,15990392	1,19807391034
44,5	38,175653883	0,021978	0,92674	1020,9026439	1,21363188489
45	37,914841795	0,00976801	0,91453	1014,9814097	1,2207120132
45,5	37,392683168	0,00732601	0,893773	1003,06372935	1,23521563361
46	37,131336629	0,00610501	0,846154	997,067444863	1,2426441224
46,5	36,609712453	0,00610501	0,808303	985,037501968	1,25782013124
47	36,348365914	0,00610501	0,749695	978,979442247	1,26560369558
47,5	35,826207287	0,00610501	0,699634	966,814835776	1,28152770743
48	35,565395199	0,00610501	0,643468	960,708624311	1,28967302744
48,5	35,238845638	0,00610501	0,582418	953,035296933	1,30005678067
49	34,782424484	0,00610501	0,54823	942,258402961	1,31492592277
49,5	34,455874923	0,00610501	0,499389	934,511268956	1,32582670874
50	33,933716296	0,00610501	0,470085	922,060490289	1,34372962842
50,5	33,672904208	0,00610501	0,42735	915,812729678	1,35289667838
51	33,150745581	0,00610501	0,389499	903,247509256	1,37171704024
51,5	32,824730471	0,00732601	0,361416	895,364177185	1,38379447332
52	32,367774866	0,00610501	0,334554	884,265855138	1,4011623233
52,5	32,041759756	0,00610501	0,310134	876,313334044	1,41387783555
53	31,519601129	0,00610501	0,289377	863,517260033	1,43482945547
53,5	31,25825459	0,00610501	0,262515	857,085676762	1,44559643638
54	30,736630414	0,00610501	0,251526	844,195633194	1,46766928338
54,5	30,475283875	0,00610501	0,235653	837,711026973	1,4790303101
55	29,953125248	0,00610501	0,224664	824,703011214	1,50235901064
55,5	29,627110138	0,00610501	0,206349	816,546520967	1,51736608777
56	29,104951511	0,00610501	0,190476	803,42779621	1,54214231303
56,5	28,778936401	0,00610501	0,189255	795,203079103	1,55809255844
57	28,582792884	0,00610501	0,178266	790,242344161	1,56787346205
57,5	27,995431235	0,00610501	0,164835	775,332014936	1,5980250733
58	27,799822169	0,00610501	0,157509	770,348263986	1,60836346095
58,5	27,147257498	0,00610501	0,142857	753,657530831	1,64398277641
59	27,016851454	0,00610501	0,123321	750,310328427	1,65131673263
59,5	26,429489805	0,00610501	0,0964591	735,186272398	1,68528718029
60	26,168677717	0,00610501	0,0622711	728,445721002	1,70088170509
60,5	25,64651909	0,00610501	0,037851	714,905586519	1,73309598269
61	25,385172551	0,00610501	0,019536	708,106223224	1,74973748198
61,5	24,797810902	0,00610501	0,021978	692,771488395	1,7884685221
62	24,602201836	0,00610501	0,018315	687,648321335	1,80179309912
62,5	24,014840187	0,00610501	0,015873	672,216896324	1,84315509886
63	23,754028099	0,00610501	0,017094	665,341980496	1,86220024637
63,5	23,231869472	0,00610501	0,014652	651,53677399	1,90165781804
64	22,971057384	0,00610501	0,017094	644,620899617	1,92205992815
64,5	22,709710845	0,00610501	0,017094	637,677455235	1,94298855923
65	22,187552218	0,00610501	0,015873	623,765175293	1,98632441995
65,5	21,861537108	0,00610501	0,021978	615,052556333	2,01446199555
66	21,404581503	0,00610501	0,017094	602,807154251	2,05538370151
66,5	21,078566393	0,00610501	0,017094	594,047186953	2,08569289984
67	20,556407766	0,00610501	0,017094	579,976926263	2,13629188317
67,5	20,295595678	0,00610501	0,013431	572,930884778	2,16256451331
68	19,773437051	0,00610501	0,013431	558,788834156	2,2172955583
68,5	19,512090512	0,00610501	0,00854701	551,693070553	2,24581396094
69	18,924728863	0,00610501	0,01221	535,704077706	2,31284407113
69,5	18,663916775	0,00610501	0,021978	528,58617547	2,34398865786
70	18,141758148	0,00610501	0,023199	514,303018867	2,40908560625
70,5	17,88094606	0,00610501	0,019536	507,152679913	2,44305127247
71	17,619599521	0,00610501	0,018315	499,977147725	2,47811326105
71,5	17,097975345	0,00610501	0,017094	485,624478304	2,55135409221
72	16,836628806	0,00610501	0,018315	478,418228382	2,5897842651
72,5	16,249267157	0,00610501	0,019536	462,186490616	2,68073607766
73	16,053658091	0,00610501	0,018315	456,769968878	2,71252508794
73,5	15,466296442	0,00610501	0,023199	440,473863687	2,81287972373
74	15,205484354	0,00610501	0,017094	433,222797941	2,85996029269
74,5	14,683325727	0,00610501	0,018315	418,678982355	2,95930785212
75	14,422513639	0,00610501	0,019536	411,401420125	3,01165708087
75,5	13,83515199	0,00610501	0,013431	394,981006608	3,1368596952
76	13,639008473	0,00610501	0,020757	389,488244027	3,18109729627
76,5	12,986443802	0,00610501	0,02442	371,181462469	3,33798997331
77	12,790834736	0,00610501	0,014652	365,684438329	3,38816714669
77,5	12,203473087	0,00610501	0,025641	349,152989743	3,5485876862
78	12,007864021	0,00610501	0,021978	343,639290495	3,60552484616
78,5	11,420502372	0,00610501	0,019536	327,059315938	3,78830364897
79	11,224893306	0,00610501	0,021978	321,529971216	3,85345103386
79,5	10,572328635	0,00610501	0,019536	303,056972642	4,08834018633
80	10,44138814	0,00610501	0,02442	299,345456966	4,13903057878
80,5	9,788823469	0,00610501	0,026862	280,825547744	4,41199175058
81	9,658417425	0,00610501	0,023199	277,120155393	4,47098479084
81,5	8,940649732	0,00610501	0,026862	256,700131885	4,82664341035
82	8,810243688	0,00610501	0,029304	252,985746489	4,8975091174
82,5	8,222882039	0,00610501	0,026862	236,239823415	5,2446703612
83	7,962069951	0,00732601	0,030525	228,795898953	5,41530685502
83,5	7,63552039	0,00732601	0,025641	219,469073858	5,64544233145
84	7,244302258	0,00732601	0,026862	208,285841499	5,94855603761
84,5	6,917752697	0,00976801	0,029304	198,943745953	6,22789117628
85	6,39559407	0,00732601	0,028083	183,992264868	6,73397874031
85,5	6,134781982	0,00732601	0,030525	176,518375805	7,01909925439
86	5,612623355	0,013431	0,03663	161,544446234	7,66971585149
86,5	5,286073794	0,00732601	0,029304	152,173094853	8,14204377715
87	4,764449618	0,015873	0,03663	137,193344564	9,03105033222
87,5	4,503103079	0,014652	0,037851	129,683767828	9,55400988689
88	3,980944452	0,014652	0,035409	114,672046288	10,8047256512
88,5	3,720132364	0,021978	0,041514	107,170223564	11,5610470782
89	3,197973737	0,021978	0,045177	92,1446882204	13,446244422
89,5	2,871958627	0,029304	0,047619	82,7593806628	14,9711125201
90	2,415003022	0,035409	0,0634921	69,6001229882	17,8016926811
90,5	2,088987912	0,043956	0,0708181	60,2088919493	20,5783557858
91	1,566829285	0,0818071	0,129426	45,1635925326	27,4336015034
91,5	1,305482746	0,438339	1,37973	37,631756404	32,9243202655
92	0,78385857	2,43834	5	22,5967038597	54,8310057827
92,5	0,522512031	5	5	15,062990622	82,2545821802
93	0,000353403999995	5	5	0,0101880810572	121612,695565
93,5	-0,325661706	5	3,35653	-9,38826383785	-131,973282963
94	-0,847820333	4,56899	0,811966	-24,4404337892	-50,6946812272
94,5	-1,108632421	0,556777	0,120879	-31,9581334481	-38,7694732552
95	-1,630791048	0,0830281	0,047619	-47,0067915408	-26,3578933892
95,5	-1,892137587	0,0598291	0,0537241	-54,5374341563	-22,7183405154
96	-2,413761763	0,042735	0,042735	-69,5643712105	-17,8108416484
96,5	-2,740311324	0,039072	0,040293	-78,9687477677	-15,689751136
97	-3,197266929	0,034188	0,0561661	-92,1243437823	-13,4492138465
97,5	-3,523282039	0,020757	0,040293	-101,50667482	-12,2060938573
98	-4,045440666	0,02442	0,039072	-116,526811388	-10,6327461057
98,5	-4,306252754	0,018315	0,042735	-124,025646443	-9,98986931759
99	-4,828411381	0,015873	0,029304	-139,030804152	-8,91169412104
99,5	-5,089223469	0,015873	0,031746	-146,521457429	-8,45609934367
100	-5,611382096	0,01221	0,032967	-161,508834204	-7,67140699213
100,5	-5,937931657	0,01221	0,026862	-170,874958711	-7,25091616319
101	-6,460090284	0,010989	0,030525	-185,83990071	-6,66702896023
101,5	-6,720902372	0,00732601	0,029304	-193,309010615	-6,40942704151
102	-6,98171446	0,00732601	0,031746	-200,774114975	-6,17111424028
102,5	-7,503873087	0,00732601	0,032967	-215,706963856	-5,74390357109
103	-7,765219626	0,00732601	0,02442	-223,174380617	-5,5517125065
103,5	-8,352046824	0,00610501	0,028083	-239,92455564	-5,16412334991
104	-8,548190341	0,00732601	0,030525	-245,517677389	-5,0464798021
104,5	-9,13555199	0,00610501	0,021978	-262,249092973	-4,72451586373
105	-9,396364078	0,00732601	0,025641	-269,669779892	-4,59450814436
105,5	-9,918522705	0,00732601	0,029304	-284,509413759	-4,35486469018
106	-10,309740837	0,00610501	0,017094	-295,612330712	-4,19130012951
106,5	-10,766696442	0,00732601	0,02442	-308,563414708	-4,01538206068
107	-10,962305508	0,00732601	0,023199	-314,101436457	-3,94458558985
107,5	-11,549667157	0,00610501	0,015873	-330,70837302	-3,74650326717
108	-11,811013696	0,00732601	0,021978	-338,086560091	-3,66474195149
108,5	-12,333172323	0,00610501	0,028083	-352,806626441	-3,51183880105
109	-12,593984411	0,00610501	0,020757	-360,148229446	-3,44025014896
109,5	-13,18134606	0,00732601	0,023199	-376,654321003	-3,28948834757
110	-13,442158148	0,00610501	0,021978	-383,971098979	-3,22680535929
110,5	-13,964316775	0,00610501	0,020757	-398,595586814	-3,10841374312
111	-14,225128863	0,00610501	0,019536	-405,888024818	-3,05256603851
111,5	-14,74728749	0,00610501	0,02442	-420,462418601	-2,94675563186
112	-14,943431007	0,00610501	0,019536	-425,928182137	-2,90894111252
112,5	-15,6611987	0,00610501	0,020757	-445,886561933	-2,77873366407
113	-15,791604744	0,00610501	0,018315	-449,505236303	-2,75636388619
113,5	-16,509372437	0,00610501	0,018315	-469,380592786	-2,63964897365
114	-16,704981503	0,00610501	0,019536	-474,784466569	-2,60960517296
114,5	-17,292343152	0,00610501	0,017094	-490,977344091	-2,52353803065
115	-17,553689691	0,00610501	0,023199	-498,165878618	-2,48712337231
115,5	-18,075313867	0,00610501	0,023199	-512,482409936	-2,41764395417
116	-18,336660406	0,00610501	0,017094	-519,639446114	-2,38434554818
116,5	-18,858819033	0,00610501	0,02442	-533,906354755	-2,32063167813
117	-19,119631121	0,00610501	0,014652	-541,015975768	-2,2901356993
117,5	-19,641789748	0,00610501	0,017094	-555,215950522	-2,23156413074
118	-19,902601836	0,00610501	0,023199	-562,291475713	-2,2034835197
118,5	-20,489963485	0,00610501	0,013431	-578,18301734	-2,14292008385
119	-20,750775573	0,00610501	0,019536	-585,220116616	-2,11715210196
119,5	-21,2729342	0,00610501	0,015873	-599,272148264	-2,06750806556
120	-21,534280739	0,00610501	0,014652	-606,286738521	-2,04358749957
120,5	-22,121642388	0,00610501	0,019536	-622,005381954	-1,99194417918
121	-22,317251454	0,00610501	0,014652	-627,225734124	-1,97536537899
121,5	-22,904613103	0,00610501	0,014652	-642,85687636	-1,92733413231
122	-23,100222169	0,00610501	0,028083	-648,047601144	-1,91189659187
122,5	-23,687583818	0,00610501	0,018315	-663,588323214	-1,86712146169
123	-23,948395906	0,00610501	0,015873	-670,466764816	-1,84796631991
123,5	-24,470554533	0,00610501	0,018315	-684,195851111	-1,81088499439
124	-24,731901072	0,00610501	0,028083	-691,046153162	-1,79293379224
124,5	-25,253525248	0,00610501	0,043956	-704,675611787	-1,75825582619
125	-25,449668765	0,00610501	0,0683761	-709,78557386	-1,74559760811
125,5	-26,037030414	0,00610501	0,0940171	-725,037624562	-1,70887683346
126	-26,297842502	0,00610501	0,108669	-731,78581231	-1,69311836764
126,5	-26,885204151	0,00610501	0,117216	-746,927323555	-1,65879592422
127	-27,342159756	0,00610501	0,120879	-758,652909114	-1,63315791071
127,5	-27,668174866	0,00610501	0,13431	-766,989079953	-1,61540761451
128	-27,863783932	0,00610501	0,135531	-771,978880158	-1,60496618735
128,5	-28,451145581	0,00610501	0,144078	-786,907608263	-1,57451775404
129	-28,71249212	0,00610501	0,147741	-793,523654181	-1,56139012803
129,5	-29,299853769	0,00610501	0,147741	-808,332388271	-1,53278529721
130	-29,756274923	0,00610501	0,168498	-819,781239204	-1,5113788176
130,5	-30,082824484	0,00610501	0,179487	-827,940514343	-1,49648432289
131	-30,27843355	0,00610501	0,19536	-832,815204026	-1,48772500071
131,5	-30,865795199	0,00610501	0,20757	-847,394030213	-1,46212972457
132	-31,126607287	0,00610501	0,21978	-853,839152576	-1,45109297959
132,5	-31,648765914	0,00610501	0,242979	-866,689303118	-1,42957804549
133	-31,910112453	0,00610501	0,257631	-873,093991353	-1,41909120011
133,5	-32,496939651	0,00610501	0,282051	-887,408681385	-1,39619999893
134	-32,953895256	0,00610501	0,311355	-898,490976905	-1,37897878982
134,5	-33,280444817	0,00610501	0,335775	-906,375633749	-1,36698290848
135	-33,802068993	0,00610501	0,373626	-918,909255512	-1,34833770861
135,5	-34,063415532	0,00610501	0,407814	-925,160334024	-1,33922732572
136	-34,585574159	0,00610501	0,438339	-937,59193034	-1,32147041789
136,5	-34,911589269	0,00610501	0,481074	-945,314303304	-1,31067518567
137	-35,368544874	0,00610501	0,526252	-956,086715638	-1,29590755706
137,5	-35,694559984	0,00610501	0,559219	-963,735165327	-1,28562290199
138	-36,151515589	0,00610501	0,601954	-974,40296062	-1,27154786066
138,5	-36,47806515	0,00610501	0,627595	-981,988447636	-1,26172563739
139	-36,999689326	0,00610501	0,653236	-994,03908994	-1,24642985627
139,5	-37,261035865	0,00610501	0,665446	-1000,04583983	-1,23894320705
140	-37,717457019	0,00732601	0,675214	-1010,48618206	-1,22614244707
140,5	-38,04400658	0,00976801	0,661783	-1017,91648275	-1,217192197
141	-38,566165207	0,025641	0,642247	-1029,72886128	-1,20322936123
141,5	-38,826977295	0,03663	0,594628	-1035,59703922	-1,19641130003
142	-39,349135922	0,0573871	0,538462	-1047,28081284	-1,18306378271
142,5	-39,740888505	0,0793651	0,487179	-1055,98957703	-1,17330703536
143	-40,132106637	0,0976801	0,428571	-1064,63719444	-1,16377673678
143,5	-40,719468286	0,105006	0,376068	-1077,52710607	-1,14985506446
144	-40,915077352	0,118437	0,335775	-1081,79476492	-1,14531890907
144,5	-41,567642023	0,1221	0,294261	-1095,94047929	-1,13053584881
145	-41,76378554	0,128205	0,258852	-1100,16459963	-1,126195117
145,5	-42,220206694	0,135531	0,225885	-1109,94403146	-1,11627250103
146	-42,546756255	0,135531	0,19536	-1116,89760386	-1,10932282039
146,5	-42,872771365	0,130647	0,163614	-1123,80360494	-1,10250580667
147	-43,32972697	0,135531	0,141636	-1133,42203783	-1,09314973473
147,5	-43,656276531	0,135531	0,117216	-1140,25142897	-1,08660245321
148	-44,177900707	0,13431	0,0915751	-1151,08364341	-1,07637703575
148,5	-44,634856312	0,136752	0,0757021	-1160,49456303	-1,06764825917
149	-44,961405873	0,126984	0,04884	-1167,1746053	-1,06153783193
149,5	-45,548233071	0,128205	0,030525	-1179,08357403	-1,05081609759
150	-45,679173566	0,126984	0,025641	-1181,72402338	-1,04846814949
150,5	-46,331738237	0,123321	0,014652	-1194,79086377	-1,0370015687
151	-46,527347303	0,120879	0,017094	-1198,67759034	-1,03363907859
151,5	-47,179911974	0,115995	0,021978	-1211,5426614	-1,02266312155
152	-47,37552104	0,111111	0,00976801	-1215,36848223	-1,01944391196
152,5	-47,962882689	0,10989	0,013431	-1226,77108959	-1,00996837186
153	-48,028085711	0,105006	0,019536	-1228,02896475	-1,00893385707
153,5	-48,680650382	0,100122	0,015873	-1240,53015094	-0,998766534665
154	-48,811590877	0,0989011	0,013431	-1243,01924665	-0,99676654512
154,5	-49,52935857	0,101343	0,017094	-1256,54788102	-0,986034848902
155	-49,659764614	0,0964591	0,01221	-1258,98469482	-0,984126340133
155,5	-50,377532307	0,0903541	0,00854701	-1272,28008175	-0,97384217341
156	-50,442735329	0,0927961	0,014652	-1273,47799169	-0,972926118929
156,5	-51,160503022	0,0866911	0,018315	-1286,55547465	-0,963036592212
157	-51,225706044	0,0854701	0,00732601	-1287,73347837	-0,962155617453
157,5	-51,943473737	0,0805861	0,013431	-1300,59061526	-0,952644118342
158	-52,074414232	0,0818071	0,01221	-1302,91415448	-0,95094522977
158,5	-52,792181925	0,0757021	0,00854701	-1315,52973478	-0,941825917915
159	-52,857384947	0,0720391	0,015873	-1316,66555223	-0,941013454709
159,5	-53,57515264	0,0720391	0,015873	-1329,05582997	-0,932240747199
160	-53,640355662	0,0647131	0,01221	-1330,17107492	-0,931459135869
160,5	-54,227717311	0,0647131	0,013431	-1340,13959418	-0,924530552922
161	-54,423326377	0,0634921	0,015873	-1343,42820051	-0,922267375013
161,5	-55,010688026	0,0586081	0,014652	-1353,20875184	-0,915601527346
162	-55,271500114	0,0512821	0,00976801	-1357,50617572	-0,912703030129
162,5	-55,793658741	0,0525031	0,014652	-1366,02521033	-0,90701107903
163	-56,05500528	0,0500611	0,013431	-1370,2465284	-0,904216850269
163,5	-56,576629456	0,045177	0,01221	-1378,58657629	-0,89874660127
164	-56,837975995	0,047619	0,010989	-1382,72222291	-0,896058499291
164,5	-57,360134622	0,046398	0,019536	-1390,89881415	-0,890790895348
165	-57,62094671	0,043956	0,010989	-1394,93970689	-0,888210432234
165,5	-58,208308359	0,039072	0,014652	-1403,93402421	-0,882520103252
166	-58,469120447	0,042735	0,017094	-1407,88061472	-0,880046210629
166,5	-58,991279074	0,039072	0,014652	-1415,6941342	-0,875189046888
167	-59,18688814	0,035409	0,015873	-1418,59096589	-0,873401868329
167,5	-59,839452811	0,03663	0,017094	-1428,13520899	-0,867564914161
168	-60,035596328	0,034188	0,017094	-1430,9678	-0,865847575325
168,5	-60,557754955	0,030525	0,015873	-1438,42667778	-0,86135777314
169	-60,818567043	0,035409	0,020757	-1442,10759912	-0,85915919225
169,5	-61,405928692	0,032967	0,021978	-1450,28767558	-0,854313265471
170	-61,66674078	0,029304	0,017094	-1453,87114368	-0,852207573816
170,5	-62,254102429	0,026862	0,020757	-1461,83086116	-0,84756727534
171	-62,449711495	0,026862	0,02442	-1464,44762705	-0,846052789542
171,5	-63,037073144	0,019536	0,017094	-1472,20237615	-0,841596250675
172	-63,168013639	0,021978	0,021978	-1473,91008067	-0,840621158816
172,5	-63,82057831	0,021978	0,018315	-1482,30576856	-0,835859932733
173	-64,081390398	0,017094	0,018315	-1485,60757159	-0,834002211416
173,5	-64,603549025	0,019536	0,023199	-1492,12536828	-0,830359181833
174	-64,799158091	0,021978	0,021978	-1494,53516103	-0,829020308324
174,5	-65,38651974	0,01221	0,010989	-1501,66632745	-0,825083427226
175	-65,647331828	0,017094	0,013431	-1504,78229985	-0,823374916176
175,5	-66,169490455	0,019536	0,023199	-1510,92686437	-0,820026454766
176	-66,430836994	0,014652	0,017094	-1513,95520073	-0,818386171137
176,5	-66,95246117	0,00976801	0,025641	-1519,90524973	-0,815182393914
177	-67,213807709	0,01221	0,021978	-1522,83903134	-0,813611927787
177,5	-67,735966336	0,00976801	0,013431	-1528,60564445	-0,810542604301
178	-67,996778424	0,00732601	0,013431	-1531,43848591	-0,809043269711
178,5	-68,584140073	0,00854701	0,019536	-1537,70189346	-0,805747853515
179	-68,779749139	0,013431	0,021978	-1539,75195856	-0,804675060237
179,5	-69,367110788	0,00732601	0,017094	-1545,7998088	-0,801526816697
180	-69,627922876	0,00976801	0,019536	-1548,4332517	-0,80016364841
180,5	-70,150081503	0,00976801	0,014652	-1553,60906039	-0,797497923765
181	-70,34622502	0,00854701	0,015873	-1555,51998406	-0,796518214292
181,5	-70,998789691	0,00976801	0,014652	-1561,74624232	-0,793342712425
182	-71,194398757	0,00854701	0,015873	-1563,57316175	-0,792415750226
182,5	-71,781760406	0,00732601	0,017094	-1568,94930721	-0,789700466616
183	-71,977369472	0,00732601	0,015873	-1570,70315387	-0,788818687315
183,5	-72,564731121	0,00732601	0,018315	-1575,85938539	-0,786237662756
