Vernier Format 2
Bandlücke-Si.cmbl 09.09.2013 10:25:15 ,
Latest
Time	Winkel	Pyro	Sample	Wellenlänge	Energie
t	Pot	Pot	Pot	Lambda	E
s	°	V	V	nm	eV

0	-75,827554476	0,00610501	0,013431	-1601,47325843	-0,773662621888
0,5	-75,63194541	0,00610501	0,013431	-1600,08324409	-0,774334713259
1	-75,174989805	0,00610501	0,01221	-1596,7634364	-0,775944621322
1,5	-74,848440244	0,00610501	0,010989	-1594,32879982	-0,777129535725
2	-74,522425134	0,00610501	0,00732601	-1591,84648689	-0,778341385433
2,5	-74,000266507	0,00610501	0,00976801	-1587,76337384	-0,780342978313
3	-73,739454419	0,00610501	0,00732601	-1585,67450195	-0,781370955059
3,5	-73,217295792	0,00610501	0,00976801	-1581,39378343	-0,783486069681
4	-72,890746231	0,00610501	0,010989	-1578,64991552	-0,784847855006
4,5	-72,564731121	0,00610501	0,00854701	-1575,85938539	-0,786237662756
5	-72,107775516	0,00610501	0,014652	-1571,86221546	-0,788237027273
5,5	-71,91216645	0,00610501	0,018315	-1570,12057147	-0,789111373047
6	-71,390007823	0,00610501	0,013431	-1565,38185689	-0,791500166266
6,5	-71,129195735	0,00610501	0,01221	-1562,96621248	-0,792723470353
7	-70,802646174	0,00610501	0,010989	-1559,89605366	-0,794283694154
7,5	-70,280487547	0,00610501	0,00976801	-1554,88156815	-0,796845255214
8	-70,019675459	0,00610501	0,00854701	-1552,32850455	-0,798155800378
8,5	-69,497516832	0,00610501	0,00732601	-1547,12053748	-0,800842578186
9	-69,171501722	0,00610501	0,00732601	-1543,80370365	-0,802563173716
9,5	-68,714546117	0,00610501	0,00732601	-1539,07059642	-0,805031298034
10	-68,388531007	0,00610501	0,00854701	-1535,63390562	-0,806832927733
10,5	-68,19238749	0,00610501	0,00854701	-1533,54229551	-0,807933373359
11	-67,605025841	0,00610501	0,00610501	-1527,17147224	-0,811303787769
11,5	-67,344213753	0,00610501	0,015873	-1524,291077	-0,812836877875
12	-66,756852104	0,00610501	0,015873	-1517,68871777	-0,816372939651
12,5	-66,62644606	0,00610501	0,010989	-1516,2012007	-0,817173868103
13	-66,039084411	0,00610501	0,00976801	-1509,40403222	-0,820853776428
13,5	-65,778272323	0,00610501	0,01221	-1506,3349186	-0,822526242138
14	-65,190910674	0,00610501	0,00610501	-1499,30892476	-0,826380727506
14,5	-64,994767157	0,00610501	0,00976801	-1496,92753417	-0,827695377175
15	-64,407405508	0,00610501	0,00732601	-1489,69152856	-0,831715812464
15,5	-64,211796442	0,00610501	0,00732601	-1487,24693366	-0,833082907727
16	-63,754840837	0,00610501	0,00732601	-1481,46870266	-0,836332213956
16,5	-63,363622705	0,00610501	0,018315	-1476,4468399	-0,839176844379
17	-63,037073144	0,00610501	0,00976801	-1472,20237615	-0,841596250675
17,5	-62,58065199	0,00610501	0,00854701	-1466,18975193	-0,845047510643
18	-62,188899407	0,00610501	0,00976801	-1460,95481804	-0,848075508363
18,5	-61,797146824	0,00610501	0,00732601	-1455,65158526	-0,851165218755
19	-61,471131714	0,00610501	0,00732601	-1451,18636283	-0,853784208379
19,5	-61,014176109	0,00610501	0,00732601	-1444,84868433	-0,857529244022
20	-60,557754955	0,00488401	0,010989	-1438,42667778	-0,86135777314
20,5	-60,231205394	0,00610501	0,00732601	-1433,77597133	-0,864151739727
21	-59,774249789	0,00610501	0,00854701	-1427,18987647	-0,868139566028
21,5	-59,448234679	0,00488401	0,01221	-1422,43551397	-0,871041244281
22	-59,056482096	0,00610501	0,010989	-1416,66157985	-0,874591375687
22,5	-58,86087303	0,00610501	0,010989	-1413,75374395	-0,876390252052
23	-58,273511381	0,00610501	0,01221	-1404,9234023	-0,881898613098
23,5	-58,012699293	0,00610501	0,00976801	-1400,95498597	-0,884396723955
24	-57,425337644	0,00610501	0,010989	-1391,91174256	-0,890142644905
24,5	-57,2949316	0,00610501	0,00854701	-1389,88408445	-0,891441245975
25	-56,642366929	0,00610501	0,00732601	-1379,62953433	-0,898067176129
25,5	-56,446223412	0,00610501	0,00854701	-1376,51224953	-0,900100961998
26	-55,924064785	0,00610501	0,00732601	-1368,13511125	-0,905612311102
26,5	-55,663252697	0,00610501	0,00854701	-1363,90823306	-0,908418887699
27	-55,010688026	0,00610501	0,00976801	-1353,20875184	-0,915601527346
27,5	-54,880281982	0,00610501	0,00610501	-1351,0495194	-0,917064831607
28	-54,292920333	0,00610501	0,00732601	-1341,23753375	-0,923773730474
28,5	-54,097311267	0,00610501	0,00976801	-1337,93850978	-0,926051526987
29	-53,444746596	0,00610501	0,00854701	-1326,8201779	-0,933811544804
29,5	-53,248603079	0,00610501	0,013431	-1323,44459722	-0,936193326567
30	-52,66124143	0,00610501	0,00976801	-1313,24364534	-0,943465444811
30,5	-52,465632364	0,00610501	0,00732601	-1309,81573495	-0,945934582201
31	-51,878270715	0,00610501	0,00854701	-1299,43105339	-0,953494221001
31,5	-51,682661649	0,00610501	0,00732601	-1295,94227675	-0,956061101042
32	-51,0953	0,00610501	0,00732601	-1285,37580476	-0,963920431216
32,5	-50,899690934	0,00610501	0,00976801	-1281,82681337	-0,966589235827
33	-50,312329285	0,00610501	0,00854701	-1271,08052413	-0,974761218095
33,5	-50,050982746	0,00610501	0,013431	-1266,25595484	-0,978475161568
34	-49,724967636	0,00610501	0,00976801	-1260,20065682	-0,983176761013
34,5	-49,268012031	0,00610501	0,00854701	-1251,64468481	-0,989897544433
35	-48,941996921	0,00610501	0,00976801	-1245,49173047	-0,994787817285
35,5	-48,485041316	0,00610501	0,00732601	-1236,79968176	-1,00177904172
36	-48,159026206	0,00610501	0,00854701	-1230,5502201	-1,00686666806
36,5	-47,636867579	0,00610501	0,00854701	-1220,45791532	-1,01519272762
37	-47,310318018	0,00610501	0,013431	-1214,0947804	-1,02051340637
37,5	-46,853362413	0,00610501	0,00976801	-1205,12439847	-1,02810963049
38	-46,527347303	0,00610501	0,00732601	-1198,67759034	-1,03363907859
38,5	-46,070391698	0,00610501	0,00854701	-1189,57621779	-1,04154738593
39	-45,80957961	0,00610501	0,00854701	-1184,34756124	-1,04614560839
39,5	-45,287420983	0,00610501	0,010989	-1173,8058948	-1,05554078872
40	-44,961405873	0,00610501	0,00976801	-1167,1746053	-1,06153783193
40,5	-44,439247246	0,00610501	0,00976801	-1156,47503014	-1,07135905896
41	-44,112697685	0,00610501	0,00732601	-1149,73481577	-1,07763980268
41,5	-43,656276531	0,00610501	0,00732601	-1140,25142897	-1,08660245321
42	-43,32972697	0,00610501	0,00854701	-1133,42203783	-1,09314973473
42,5	-42,872771365	0,00610501	0,00976801	-1123,80360494	-1,10250580667
43	-42,546756255	0,00610501	0,00854701	-1116,89760386	-1,10932282039
43,5	-42,024597628	0,00610501	0,00732601	-1105,76143493	-1,12049485618
44	-41,76378554	0,00610501	0,00732601	-1100,16459963	-1,126195117
44,5	-41,241626913	0,00610501	0,00854701	-1088,89107082	-1,13785486281
45	-40,915077352	0,00488401	0,010989	-1081,79476492	-1,14531890907
45,5	-40,719468286	0,00610501	0,00976801	-1077,52710607	-1,14985506446
46	-40,132106637	0,00488401	0,010989	-1064,63719444	-1,16377673678
46,5	-39,936497571	0,00610501	0,01221	-1060,31956503	-1,16851564459
47	-39,349135922	0,00610501	0,010989	-1047,28081284	-1,18306378271
47,5	-38,826977295	0,00610501	0,010989	-1035,59703922	-1,19641130003
48	-38,500962185	0,00610501	0,010989	-1028,25847814	-1,20494994823
48,5	-38,04400658	0,00610501	0,010989	-1017,91648275	-1,217192197
49	-37,717457019	0,00610501	0,00976801	-1010,48618206	-1,22614244707
49,5	-37,195832843	0,00610501	0,00854701	-998,549166412	-1,2408001946
50	-36,934486304	0,00610501	0,01221	-992,537244897	-1,24831587567
50,5	-36,412327677	0,00610501	0,00732601	-980,463974729	-1,26368742956
51	-36,086312567	0,00610501	0,00976801	-972,884547405	-1,27353240763
51,5	-35,825500479	0,00610501	0,00854701	-966,798314788	-1,28154960662
52	-35,368544874	0,00610501	0,00854701	-956,086715638	-1,29590755706
52,5	-35,107198335	0,00610501	0,00976801	-949,933052208	-1,30430244228
53	-34,520371137	0,00610501	0,00854701	-936,043805023	-1,3236560013
53,5	-34,32422762	0,00610501	0,00732601	-931,379439401	-1,33028489527
54	-33,736865971	0,00610501	0,00976801	-917,346696671	-1,35063439428
54,5	-33,541256905	0,00610501	0,00976801	-912,651900132	-1,35758222803
55	-32,888692234	0,00610501	0,00976801	-896,913122678	-1,38140469648
55,5	-32,75828619	0,00610501	0,013431	-893,753931597	-1,38628760803
56	-32,040518497	0,00610501	0,010989	-876,283001502	-1,41392677694
56,5	-31,910112453	0,00610501	0,00732601	-873,093991353	-1,41909120011
57	-31,322750804	0,00610501	0,00976801	-858,674552865	-1,44292153047
57,5	-31,126607287	0,00610501	0,00732601	-853,839152576	-1,45109297959
58	-30,539245638	0,00610501	0,00732601	-839,29968083	-1,47623075321
58,5	-30,148027506	0,00610501	0,00854701	-829,566485944	-1,49355117521
59	-29,691071901	0,00610501	0,00854701	-818,148857145	-1,51439434179
59,5	-29,495462835	0,00610501	0,00854701	-813,245362113	-1,52352544229
60	-28,842898164	0,00610501	0,00976801	-796,81874647	-1,5549332963
60,5	-28,71249212	0,00610501	0,01221	-793,523654181	-1,56139012803
61	-28,059927449	0,00610501	0,013431	-776,973278906	-1,59464943472
61,5	-27,928986954	0,00610501	0,01221	-773,640150245	-1,60151977584
62	-27,276422283	0,00610501	0,013431	-756,96902466	-1,63679088528
62,5	-27,146016239	0,00610501	0,01221	-753,625689141	-1,64405223688
63	-26,428248546	0,00610501	0,00976801	-735,154228678	-1,68536063817
63,5	-26,297842502	0,00610501	0,00854701	-731,78581231	-1,69311836764
64	-25,710480853	0,00610501	0,00854701	-716,567397568	-1,7290767124
64,5	-25,514871787	0,00610501	0,00854701	-711,482414103	-1,74143446899
65	-24,862307116	0,00610501	0,00976801	-694,458931671	-1,78412278033
65,5	-24,731901072	0,00610501	0,00976801	-691,046153162	-1,79293379224
66	-24,079336401	0,00610501	0,010989	-673,914851433	-1,83851119673
66,5	-23,948395906	0,00610501	0,00732601	-670,466764816	-1,84796631991
67	-23,230628213	0,00610501	0,00732601	-651,503891764	-1,90175379712
67,5	-23,165425191	0,00610501	0,00976801	-649,776167204	-1,90681047188
68	-22,447657498	0,00610501	0,00976801	-630,701911182	-1,9644779539
68,5	-22,317251454	0,00610501	0,00732601	-627,225734124	-1,97536537899
69	-21,664686783	0,00610501	0,00732601	-609,782152876	-2,0318731766
69,5	-21,534280739	0,00610501	0,00854701	-606,286738521	-2,04358749957
70	-21,142528156	0,00610501	0,01221	-595,767353476	-2,07967085268
70,5	-20,750775573	0,00610501	0,010989	-585,220116616	-2,11715210196
71	-20,163948375	0,00610501	0,00976801	-569,369812786	-2,17609007744
71,5	-19,902601836	0,00610501	0,00854701	-562,291475713	-2,2034835197
72	-19,511383704	0,00610501	0,010989	-551,673864531	-2,2458921469
72,5	-19,119631121	0,00610501	0,00976801	-541,015975768	-2,2901356993
73	-18,46706645	0,00610501	0,00976801	-523,206612164	-2,36808933831
73,5	-18,336660406	0,00610501	0,00976801	-519,639446114	-2,38434554818
74	-17,618892713	0,00610501	0,010989	-499,957727428	-2,47820952058
74,5	-17,487952218	0,00610501	0,01221	-496,35868942	-2,49617872399
75	-16,90112502	0,00610501	0,010989	-480,197548409	-2,58018809989
75,5	-16,704981503	0,00610501	0,010989	-474,784466569	-2,60960517296
76	-16,052416832	0,00610501	0,00854701	-456,735580673	-2,71272931742
76,5	-15,922010788	0,00610501	0,00732601	-453,121582128	-2,73436545261
77	-15,269446117	0,00488401	0,00976801	-435,001891613	-2,84826347629
77,5	-15,139040073	0,00610501	0,00854701	-431,374081439	-2,87221706939
78	-14,682084468	0,00610501	0,00732601	-418,644367348	-2,95955253823
78,5	-14,290866336	0,00610501	0,00732601	-407,724756715	-3,03881473861
79	-13,899113753	0,00610501	0,00732601	-396,771180895	-3,12270663712
79,5	-13,50736117	0,00610501	0,00854701	-385,79905623	-3,21151640989
80	-13,116143038	0,00610501	0,00976801	-374,823901109	-3,30555227757
80,5	-12,724390455	0,00610501	0,00976801	-363,816241972	-3,40556538456
81	-12,333172323	0,00610501	0,00854701	-352,806626441	-3,51183880105
81,5	-11,94141974	0,00610501	0,00976801	-341,76548841	-3,62529290411
82	-11,484464135	0,00610501	0,013431	-328,86651987	-3,76748597117
82,5	-11,093246003	0,00610501	0,013431	-317,806540553	-3,89859817814
83	-10,70149342	0,00610501	0,010989	-306,716605053	-4,03955957906
83,5	-10,309740837	0,00610501	0,00976801	-295,612330712	-4,19130012951
84	-9,918522705	0,00610501	0,00976801	-284,509413759	-4,35486469018
84,5	-9,4615671	0,00610501	0,00854701	-271,52408453	-4,5631311202
85	-9,070348968	0,00610501	0,00976801	-260,393066164	-4,7581912155
85,5	-8,678596385	0,00610501	0,00976801	-249,23467679	-4,97121835515
86	-8,286843802	0,00610501	0,00732601	-238,064635824	-5,20446892798
86,5	-7,89562567	0,00610501	0,00732601	-226,898726789	-5,46058595186
87	-7,438670065	0,00610501	0,00732601	-213,843221775	-5,79396433385
87,5	-7,112654955	0,00610501	0,00732601	-204,520405558	-6,05807521562
88	-6,65569935	0,00610501	0,00976801	-191,442102614	-6,47193058937
88,5	-6,263946767	0,00610501	0,00976801	-180,220217354	-6,87492234883
89	-5,872728635	0,00610501	0,00854701	-169,005233418	-7,33113392373
89,5	-5,41577303	0,00610501	0,00732601	-155,89582499	-7,94761501841
90	-5,089223469	0,00610501	0,00976801	-146,521457429	-8,45609934367
90,5	-4,632802315	0,00610501	0,010989	-133,410915146	-9,28709617684
91	-4,306252754	0,00610501	0,00854701	-124,025646443	-9,98986931759
91,5	-3,8498316	0,00610501	0,010989	-110,901092052	-11,1721172179
92	-3,458079017	0,00610501	0,00732601	-99,6304618074	-12,4359556056
92,5	-3,066326434	0,00610501	0,00976801	-88,3551738906	-14,0229478981
93	-2,675108302	0,00610501	0,00732601	-77,0911460097	-16,0718845695
93,5	-2,283355719	0,00488401	0,010989	-65,8081288395	-18,8274613159
94	-1,892137587	0,00610501	0,010989	-54,5374341563	-22,7183405154
94,5	-1,500385004	0,00610501	0,00976801	-43,2487947315	-28,648197197
95	-1,043429399	0,00610501	0,00854701	-30,0787645301	-41,1918514392
95,5	-0,652211267	0,00610501	0,010989	-18,8018181819	-65,897882216
96	-0,260458684	0,00610501	0,01221	-7,5085880336	-165,011050607
96,5	-0,13005264	0,00610501	0,010989	-3,74920968718	-330,469646506
97	0,522512031	0,00610501	0,00854701	15,062990622	82,2545821802
97,5	0,718655548	0,00610501	0,00732601	20,717165046	59,8054800089
98	1,305482746	0,00610501	0,00732601	37,631756404	32,9243202655
98,5	1,501626263	0,00610501	0,00732601	43,2845659962	28,6245217316
99	2,154190934	0,00610501	0,00732601	62,0873038357	19,9557707205
99,5	2,284596978	0,00610501	0,00732601	65,8438839556	18,8172374648
100	2,937161649	0,00610501	0,00854701	84,6366662555	14,6390454021
100,5	3,067567693	0,00610501	0,00732601	88,3909061811	14,0172790792
101	3,720132364	0,00610501	0,00854701	107,170223564	11,5610470782
101,5	3,91574143	0,00610501	0,00854701	112,796807296	10,9843534556
102	4,503103079	0,00610501	0,00976801	129,683767828	9,55400988689
102,5	4,699246596	0,00610501	0,00854701	135,320050779	9,1560710543
103	5,351811267	0,00610501	0,00732601	154,06004249	8,04231895551
103,5	5,482217311	0,00610501	0,00732601	157,80265309	7,85157901811
104	6,134781982	0,00610501	0,00732601	176,518375805	7,01909925439
104,5	6,265188026	0,00610501	0,00976801	180,255787221	6,87356572071
105	6,917752697	0,00610501	0,00976801	198,943745953	6,22789117628
105,5	7,113361763	0,00610501	0,00854701	204,540624902	6,05747635998
106	7,765926434	0,00610501	0,00854701	223,194569913	5,55121032058
106,5	7,896866929	0,00610501	0,00854701	226,934171049	5,45973307709
107	8,288085061	0,00610501	0,010989	238,100045693	5,20369492747
107,5	8,745040666	0,00610501	0,01221	251,12806114	4,9337377686
108	9,071055776	0,00610501	0,014652	260,413187513	4,75782356428
108,5	9,528011381	0,00610501	0,010989	273,413327494	4,53160060396
109	9,919763964	0,00610501	0,01221	284,544662403	4,35432522099
109,5	10,376185118	0,00610501	0,010989	297,496689345	4,16475222877
110	10,702734679	0,00610501	0,00854701	306,751766176	4,03909654848
110,5	11,159690284	0,00610501	0,00854701	319,686020324	3,87567776265
111	11,485705394	0,00610501	0,010989	328,901586904	3,76708428701
111,5	11,942660999	0,00610501	0,013431	341,800497505	3,62492158158
112	12,268676109	0,00610501	0,010989	350,989988316	3,53001521765
112,5	12,725631714	0,00610501	0,00854701	363,851146617	3,40523868488
113	13,117384297	0,00610501	0,00732601	374,858751046	3,30524496638
113,5	13,573805451	0,00610501	0,00854701	387,661297989	3,19608897362
114	13,965558034	0,00610501	0,00854701	398,630312724	3,10814295966
114,5	14,356776166	0,00610501	0,00976801	409,565765502	3,02515518718
115	14,683325727	0,00610501	0,00976801	418,678982355	2,95930785212
115,5	15,140281332	0,00610501	0,00732601	431,408623009	2,87198709974
116	15,531499464	0,00610501	0,00732601	442,28520989	2,8013597839
116,5	15,923252047	0,00610501	0,00732601	453,155992764	2,73415781714
117	16,314470179	0,00610501	0,00854701	463,990803859	2,67031154431
117,5	16,706222762	0,00610501	0,00976801	474,818739846	2,60941680693
118	17,097975345	0,00610501	0,00732601	485,624478304	2,55135409221
118,5	17,554396499	0,00610501	0,010989	498,185305921	2,48702638411
119	17,88094606	0,00610501	0,013431	507,152679913	2,44305127247
119,5	18,337901665	0,00610501	0,00976801	519,673412603	2,38418970444
120	18,663916775	0,00610501	0,00854701	528,58617547	2,34398865786
120,5	19,186075402	0,00610501	0,00976801	542,825431272	2,28250175585
121	19,512090512	0,00610501	0,00976801	551,693070553	2,24581396094
121,5	19,969046117	0,00610501	0,00732601	564,092174502	2,19644954496
122	20,295595678	0,00610501	0,00732601	572,930884778	2,16256451331
122,5	20,752016832	0,00610501	0,00732601	585,253578758	2,11703105281
123	21,143769415	0,00610501	0,00854701	595,800728148	2,07955435679
123,5	21,534987547	0,00610501	0,00976801	606,305692343	2,04352361465
124	21,92674013	0,00610501	0,00976801	616,796682218	2,00876566901
124,5	22,383695735	0,00610501	0,00854701	628,997317486	1,9698017234
125	22,709710845	0,00610501	0,00854701	637,677455235	1,94298855923
125,5	23,16666645	0,00610501	0,00732601	649,809065471	1,90671393466
126	23,49268156	0,00610501	0,00732601	658,439147909	1,88172286526
126,5	24,014840187	0,00610501	0,00854701	672,216896324	1,84315509886
127	24,341389748	0,00610501	0,00732601	680,804974618	1,81990444576
127,5	24,73260788	0,00610501	0,00976801	691,064660275	1,79288577643
128	25,124360463	0,00610501	0,01221	701,306076802	1,76670364194
128,5	25,581316068	0,00610501	0,010989	713,210608903	1,73721476452
129	25,907331178	0,00610501	0,00854701	721,676216589	1,71683640325
129,5	26,364286783	0,00610501	0,00976801	733,502557262	1,68915566515
130	26,755504915	0,00610501	0,010989	743,590522846	1,66623963315
130,5	26,88644541	0,00610501	0,00976801	746,959239235	1,65872504806
131	27,539010081	0,00610501	0,010989	763,689305718	1,62238752163
131,5	27,734619147	0,00610501	0,00976801	768,685015504	1,61184357053
132	28,321980796	0,00610501	0,00976801	783,631718937	1,58109985859
132,5	28,517589862	0,00610501	0,00732601	788,591217625	1,5711562243
133	29,104951511	0,00610501	0,00732601	803,42779621	1,54214231303
133,5	29,300560577	0,00610501	0,00732601	808,350157659	1,53275160308
134	29,887922226	0,00610501	0,00854701	823,073840802	1,50533274
134,5	30,410080853	0,00610501	0,00854701	836,090468728	1,48189705103
135	30,736630414	0,00610501	0,00854701	844,195633194	1,46766928338
135,5	31,193051568	0,00610501	0,00732601	855,478284359	1,44831262541
136	31,519601129	0,00610501	0,010989	863,517260033	1,43482945547
136,5	31,976022283	0,00610501	0,013431	874,706347364	1,4164753734
137	32,367774866	0,00610501	0,00976801	884,265855138	1,4011623233
137,5	32,759527449	0,00610501	0,00854701	893,784023943	1,38624093384
138	33,150745581	0,00610501	0,00976801	903,247509256	1,37171704024
138,5	33,346889098	0,00610501	0,010989	907,97635842	1,3645729743
139	33,933716296	0,00610501	0,010989	922,060490289	1,34372962842
139,5	34,129859813	0,00610501	0,00976801	926,746533305	1,33693513326
140	34,782424484	0,00610501	0,00732601	942,258402961	1,31492592277
140,5	34,97803355	0,00610501	0,00976801	946,884433423	1,30850181529
141	35,565395199	0,00610501	0,00854701	960,708624311	1,28967302744
141,5	35,761004265	0,00610501	0,00976801	965,290156097	1,28355188559
142	36,348365914	0,00610501	0,010989	978,979442247	1,26560369558
142,5	36,54397498	0,00610501	0,00732601	983,515619799	1,25976646945
143	37,196539651	0,00610501	0,00854701	998,565397455	1,24078002618
143,5	37,327480146	0,00610501	0,00854701	1001,56967282	1,23705822333
144	37,980044817	0,00610501	0,010989	1016,46369474	1,21893187765
144,5	38,175653883	0,00610501	0,00854701	1020,9026439	1,21363188489
145	38,763015532	0,00488401	0,00854701	1034,15990392	1,19807391034
145,5	38,958624598	0,00610501	0,010989	1038,55091435	1,19300843404
146	39,545986247	0,00610501	0,010989	1051,66299333	1,17813406753
146,5	39,741595313	0,00610501	0,00976801	1056,00524507	1,17328962691
147	40,328956962	0,00610501	0,00732601	1068,96969445	1,15905998686
147,5	40,525100479	0,00610501	0,00854701	1073,27408814	1,15441154658
148	40,981521633	0,00610501	0,00732601	1083,24153235	1,14378923167
148,5	41,438477238	0,00610501	0,010989	1093,15178705	1,13341990991
149	41,699289326	0,00610501	0,00976801	1098,77703819	1,12761730263
149,5	42,221447953	0,00610501	0,00976801	1109,97053133	1,1162458507
150	42,482794492	0,00610501	0,013431	1115,53844704	1,11067440417
150,5	43,004418668	0,00610501	0,00854701	1126,58199893	1,09978678976
151	43,265765207	0,00488401	0,00732601	1132,08003563	1,09444558777
151,5	43,787923834	0,00610501	0,00854701	1142,99421052	1,08399499192
152	44,113938944	0,00610501	0,00732601	1149,76050708	1,0776157229
152,5	44,636097571	0,00610501	0,00732601	1160,52002628	1,06762483364
153	44,896909659	0,00610501	0,00732601	1165,85823995	1,06273640958
153,5	45,419068286	0,00610501	0,010989	1176,47289888	1,05314793157
154	45,679880374	0,00610501	0,00976801	1181,73825961	1,04845551874
154,5	46,202039001	0,00610501	0,00854701	1192,20607608	1,03924986196
155	46,46338554	0,00610501	0,010989	1197,40821357	1,03473484311
155,5	46,985009716	0,00610501	0,013431	1207,71661988	1,02590291432
156	47,246356255	0,00610501	0,01221	1212,84379809	1,02156601036
156,5	47,768514882	0,00610501	0,00732601	1223,01198959	1,01307265223
157	48,094529992	0,00610501	0,00854701	1229,30914978	1,00788316773
157,5	48,616688619	0,00610501	0,00732601	1239,31192218	0,999748310189
158	48,877500707	0,00610501	0,00976801	1244,26969516	0,995764828813
158,5	49,399659334	0,00610501	0,00732601	1254,11781846	0,987945455968
159	49,661005873	0,00610501	0,00732601	1259,00785812	0,984108234124
159,5	50,182630049	0,00610501	0,00976801	1268,68951989	0,976598277653
160	50,443976588	0,00610501	0,01221	1273,50078011	0,972908709087
160,5	50,966135215	0,00610501	0,00854701	1283,03400864	0,965679780628
161	51,292150325	0,00610501	0,00732601	1288,93219193	0,961260807789
161,5	51,814308952	0,00610501	0,00854701	1298,29193081	0,954330817745
162	52,07512104	0,00610501	0,00976801	1302,92667833	0,950936089194
162,5	52,597279667	0,00610501	0,00976801	1312,12444302	0,944270192197
163	52,858091755	0,00610501	0,013431	1316,67785528	0,941004661872
163,5	53,380250382	0,00610501	0,00854701	1325,71192818	0,934592179236
164	53,641596921	0,00610501	0,00854701	1330,19228894	0,931444280875
164,5	54,163221097	0,00610501	0,00732601	1339,05184895	0,925281572159
165	54,489770658	0,00610501	0,00732601	1344,54170999	0,921503580583
165,5	55,011929285	0,00610501	0,00976801	1353,22927065	0,915587644218
166	55,272741373	0,00610501	0,00976801	1357,52656087	0,912689324622
166,5	55,7949	0,00610501	0,00732601	1366,04532662	0,906997722447
167	56,0559258684	0,00610501	0,01221	1370,26134758	0,904207071294
167,5	56,5779776052	0,00610501	0,00854701	1378,60798359	0,898732645356
168	56,9042599407	0,00610501	0,00854701	1383,76655503	0,895382241674
168,5	57,4263116775	0,00610501	0,013431	1391,9268605	0,890132976923
169	57,6873375459	0,00610501	0,00976801	1395,96372143	0,887558882066
169,5	58,2093892827	0,00610501	0,00976801	1403,95044076	0,882509783844
170	58,4704151511	0,00610501	0,010989	1407,90013339	0,880034009953
170,5	58,9924668879	0,00610501	0,01221	1415,71177472	0,875178141573
171	59,3187492234	0,00610501	0,00854701	1420,53440743	0,872206962058
171,5	59,8408009602	0,00610501	0,00976801	1428,15473534	0,867553052437
172	60,2323397628	0,00610501	0,00732601	1433,79220766	0,864141954028
172,5	60,6238785654	0,00610501	0,00732601	1439,36272408	0,860797614996
173	60,8849044338	0,00610501	0,00854701	1443,03907537	0,858604608251
173,5	61,4069561706	0,00610501	0,00976801	1450,3018518	0,854304914847
174	61,7332385061	0,00610501	0,00976801	1454,77998278	0,85167517746
174,5	62,1900337758	0,00610501	0,00976801	1460,97007516	0,848066651786
175	62,5163161113	0,00610501	0,00732601	1465,33473828	0,845540590578
175,5	63,0383678481	0,00610501	0,00854701	1472,21929912	0,841586576634
176	63,2993937165	0,00610501	0,00854701	1475,61578141	0,839649464047
176,5	63,8214454533	0,00610501	0,01221	1482,31679726	0,835853713785
177	64,0824713217	0,00610501	0,00854701	1485,62119175	0,83399456529
177,5	64,6045230585	0,00610501	0,00976801	1492,13741093	0,830352480223
178	64,8655489269	0,00610501	0,00976801	1495,34910038	0,82856906102
178,5	65,4528571308	0,00610501	0,00732601	1502,4618263	0,824646575581
179	65,7138829992	0,00488401	0,00976801	1505,57240885	0,822942817441
179,5	66,235934736	0,00610501	0,00854701	1511,69976593	0,819607191803
180	66,7579864728	0,00610501	0,00732601	1517,70162282	0,816365998015
180,5	67,0190123412	0,00610501	0,01221	1520,65533258	0,814780294691
181	67,2800382096	0,00610501	0,00854701	1523,57748126	0,813217585087
181,5	67,8020899464	0,00610501	0,010989	1529,32685343	0,810160363838
182	68,1283722819	0,00610501	0,00732601	1532,85576721	0,808295226796
182,5	68,6504240187	0,00610501	0,00854701	1538,39858587	0,805382955612
183	68,9114498871	0,00610501	0,00976801	1541,12212979	0,803959644762
183,5	69,4335016239	0,00610501	0,00854701	1546,47320416	0,801177800347
184	69,6945274923	0,00610501	0,01221	1549,10062354	0,799818927944
184,5	70,2165792291	0,00610501	0,00854701	1554,25895407	0,797164460113
185	70,4776050975	0,00610501	0,00732601	1556,78975815	0,795868545197
185,5	70,9996568343	0,00610501	0,00854701	1561,75438131	0,793338577964
186	71,2606827027	0,00610501	0,00732601	1564,18809735	0,792104224611
186,5	71,7827344395	0,00610501	0,00732601	1568,95808579	0,78969604811
187	72,109016775	0,00610501	0,00732601	1571,87320878	0,788231514525
187,5	72,5658120447	0,00610501	0,00732601	1575,86872192	0,786233004544
188	72,8920943802	0,00610501	0,00732601	1578,66134896	0,78484217075
