0	0
1	0
2	0
3	0
4	0
5	1
6	0
7	0
8	95
9	113
10	106
11	110
12	104
13	114
14	93
15	105
16	97
17	85
18	94
19	89
20	105
21	88
22	76
23	75
24	69
25	72
26	58
27	74
28	72
29	65
30	69
31	75
32	56
33	81
34	73
35	70
36	70
37	53
38	62
39	59
40	49
41	58
42	51
43	46
44	58
45	57
46	38
47	43
48	58
49	60
50	48
51	47
52	54
53	29
54	47
55	43
56	41
57	44
58	44
59	43
60	48
61	32
62	30
63	42
64	32
65	43
66	27
67	34
68	37
69	33
70	31
71	33
72	35
73	27
74	22
75	26
76	23
77	31
78	21
79	23
80	29
81	32
82	27
83	20
84	29
85	21
86	20
87	24
88	15
89	14
90	20
91	17
92	32
93	14
94	12
95	19
96	15
97	18
98	20
99	15
100	11
101	7
102	21
103	12
104	15
105	16
106	13
107	16
108	12
109	13
110	15
111	9
112	17
113	16
114	7
115	9
116	14
117	7
118	4
119	10
120	8
121	8
122	10
123	8
124	9
125	14
126	10
127	7
128	11
129	16
130	9
131	3
132	14
133	11
134	8
135	9
136	11
137	8
138	9
139	7
140	4
141	9
142	6
143	7
144	7
145	5
146	6
147	8
148	5
149	11
150	5
151	6
152	6
153	3
154	7
155	5
156	6
157	8
158	3
159	5
160	3
161	6
162	2
163	6
164	4
165	5
166	6
167	5
168	4
169	12
170	4
171	8
172	7
173	2
174	5
175	7
176	6
177	0
178	9
179	5
180	5
181	5
182	5
183	5
184	12
185	2
186	4
187	4
188	4
189	3
190	3
191	0
192	6
193	5
194	5
195	6
196	4
197	2
198	3
199	6
200	6
201	3
202	6
203	3
204	6
205	2
206	4
207	3
208	2
209	5
210	5
211	5
212	3
213	4
214	1
215	1
216	2
217	2
218	1
219	4
220	2
221	2
222	4
223	5
224	3
225	6
226	3
227	3
228	3
229	3
230	2
231	2
232	4
233	1
234	6
235	0
236	0
237	3
238	1
239	2
240	3
241	4
242	1
243	1
244	2
245	2
246	1
247	2
248	2
249	1
250	1
251	1
252	2
253	1
254	1
255	2
256	0
257	1
258	0
259	4
260	2
261	1
262	1
263	0
264	2
265	1
266	0
267	2
268	1
269	2
270	4
271	2
272	4
273	2
274	2
275	1
276	0
277	5
278	1
279	2
280	2
281	4
282	1
283	1
284	1
285	1
286	4
287	2
288	1
289	0
290	1
291	0
292	1
293	0
294	0
295	0
296	0
297	0
298	1
299	2
300	2
301	0
302	1
303	5
304	0
305	3
306	0
307	0
308	1
309	2
310	4
311	0
312	3
313	2
314	1
315	1
316	1
317	1
318	1
319	2
320	0
321	0
322	6
323	1
324	0
325	1
326	0
327	1
328	2
329	2
330	2
331	1
332	1
333	1
334	3
335	1
336	1
337	2
338	1
339	1
340	0
341	1
342	1
343	2
344	1
345	1
346	0
347	0
348	0
349	0
350	1
351	1
352	1
353	1
354	2
355	0
356	0
357	4
358	1
359	0
360	3
361	3
362	1
363	4
364	1
365	2
366	2
367	0
368	1
369	1
370	0
371	0
372	1
373	3
374	0
375	3
376	0
377	0
378	0
379	1
380	0
381	0
382	0
383	0
384	3
385	0
386	2
387	3
388	0
389	1
390	0
391	1
392	0
393	0
394	1
395	0
396	0
397	1
398	0
399	0
400	2
401	0
402	0
403	2
404	0
405	0
406	0
407	1
408	1
409	2
410	1
411	0
412	1
413	0
414	2
415	0
416	0
417	0
418	1
419	1
420	0
421	0
422	0
423	0
424	1
425	0
426	1
427	0
428	1
429	2
430	1
431	2
432	1
433	0
434	1
435	1
436	2
437	2
438	0
439	1
440	1
441	1
442	0
443	0
444	0
445	0
446	1
447	0
448	0
449	1
450	1
451	2
452	0
453	0
454	1
455	0
456	1
457	1
458	0
459	0
460	0
461	1
462	1
463	0
464	1
465	0
466	2
467	1
468	0
469	0
470	1
471	1
472	1
473	0
474	0
475	1
476	1
477	0
478	0
479	1
480	0
481	0
482	0
483	1
484	0
485	0
486	0
487	0
488	2
489	1
490	1
491	1
492	0
493	1
494	0
495	1
496	2
497	0
498	1
499	0
500	1
501	0
502	0
503	0
504	0
505	1
506	0
507	0
508	0
509	1
510	0
511	0
512	0
513	1
514	0
515	0
516	0
517	0
518	0
519	1
520	2
521	0
522	0
523	0
524	1
525	0
526	0
527	1
528	0
529	2
530	1
531	0
532	1
533	0
534	0
535	1
536	0
537	1
538	0
539	0
540	1
541	0
542	1
543	0
544	0
545	1
546	0
547	2
548	1
549	0
550	0
551	0
552	1
553	0
554	1
555	0
556	0
557	1
558	0
559	2
560	0
561	0
562	0
563	2
564	2
565	1
566	0
567	0
568	0
569	1
570	1
571	0
572	1
573	0
574	0
575	0
576	0
577	1
578	0
579	0
580	1
581	0
582	0
583	0
584	0
585	1
586	0
587	0
588	1
589	0
590	2
591	0
592	0
593	1
594	0
595	1
596	1
597	0
598	0
599	1
600	0
601	1
602	1
603	0
604	2
605	0
606	1
607	0
608	1
609	3
610	1
611	0
612	1
613	0
614	0
615	0
616	2
617	0
618	1
619	0
620	0
621	0
622	0
623	0
624	0
625	1
626	0
627	0
628	0
629	2
630	1
631	1
632	0
633	1
634	0
635	0
636	1
637	1
638	0
639	0
640	0
641	0
642	0
643	1
644	0
645	1
646	2
647	0
648	0
649	1
650	0
651	1
652	1
653	2
654	1
655	0
656	0
657	1
658	0
659	0
660	1
661	2
662	0
663	0
664	0
665	0
666	0
667	0
668	0
669	1
670	0
671	0
672	0
673	0
674	1
675	0
676	0
677	0
678	1
679	0
680	0
681	0
682	1
683	0
684	0
685	1
686	0
687	0
688	0
689	1
690	1
691	0
692	0
693	0
694	0
695	1
696	0
697	0
698	0
699	0
700	0
701	0
702	0
703	1
704	0
705	0
706	0
707	0
708	0
709	0
710	0
711	2
712	0
713	0
714	0
715	1
716	0
717	2
718	0
719	0
720	1
721	0
722	0
723	0
724	0
725	0
726	0
727	0
728	0
729	1
730	0
731	0
732	0
733	0
734	0
735	0
736	0
737	0
738	0
739	0
740	0
741	1
742	0
743	3
744	0
745	1
746	0
747	0
748	0
749	1
750	0
751	1
752	0
753	2
754	0
755	0
756	0
757	1
758	0
759	0
760	2
761	1
762	0
763	0
764	0
765	0
766	1
767	1
768	0
769	0
770	1
771	1
772	2
773	2
774	1
775	0
776	0
777	0
778	0
779	1
780	0
781	0
782	1
783	0
784	1
785	2
786	0
787	1
788	2
789	1
790	1
791	0
792	1
793	1
794	0
795	1
796	1
797	1
798	0
799	1
800	1
801	0
802	0
803	0
804	1
805	0
806	2
807	2
808	0
809	1
810	1
811	0
812	0
813	0
814	0
815	1
816	0
817	0
818	0
819	1
820	0
821	0
822	0
823	1
824	0
825	0
826	1
827	1
828	0
829	1
830	1
831	1
832	2
833	0
834	1
835	0
836	1
837	1
838	1
839	0
840	0
841	0
842	0
843	1
844	1
845	0
846	0
847	0
848	0
849	1
850	0
851	0
852	1
853	0
854	1
855	2
856	1
857	0
858	0
859	0
860	0
861	0
862	0
863	0
864	1
865	0
866	0
867	0
868	0
869	0
870	0
871	0
872	0
873	4
874	1
875	0
876	0
877	1
878	1
879	0
880	0
881	0
882	0
883	0
884	0
885	1
886	0
887	0
888	1
889	0
890	0
891	0
892	1
893	0
894	0
895	0
896	0
897	0
898	0
899	0
900	1
901	0
902	0
903	0
904	0
905	1
906	0
907	0
908	0
909	1
910	0
911	0
912	0
913	0
914	0
915	0
916	0
917	0
918	0
919	0
920	0
921	0
922	0
923	0
924	1
925	1
926	0
927	0
928	1
929	0
930	0
931	0
932	0
933	0
934	0
935	0
936	0
937	0
938	0
939	0
940	0
941	1
942	0
943	0
944	0
945	1
946	0
947	0
948	0
949	0
950	0
951	0
952	0
953	0
954	0
955	0
956	0
957	1
958	1
959	0
960	0
961	0
962	0
963	0
964	0
965	0
966	0
967	0
968	2
969	0
970	0
971	1
972	0
973	0
974	0
975	0
976	0
977	0
978	0
979	0
980	0
981	0
982	0
983	0
984	1
985	0
986	0
987	0
988	0
989	0
990	0
991	0
992	0
993	0
994	0
995	0
996	0
997	0
998	0
999	0
1000	0
1001	0
1002	0
1003	0
1004	0
1005	0
1006	0
1007	0
1008	0
1009	0
1010	0
1011	0
1012	0
1013	0
1014	0
1015	0
1016	0
1017	0
1018	0
1019	0
1020	0
1021	0
1022	0
1023	0
