0	0
1	0
2	0
3	0
4	0
5	0
6	0
7	0
8	11
9	24
10	11
11	26
12	18
13	9
14	24
15	23
16	19
17	21
18	17
19	21
20	12
21	19
22	20
23	15
24	20
25	21
26	22
27	16
28	16
29	14
30	14
31	14
32	19
33	13
34	14
35	11
36	14
37	15
38	13
39	20
40	24
41	22
42	14
43	19
44	11
45	19
46	13
47	25
48	21
49	15
50	17
51	17
52	25
53	19
54	18
55	23
56	17
57	17
58	21
59	18
60	19
61	21
62	13
63	19
64	18
65	30
66	24
67	24
68	18
69	29
70	14
71	31
72	25
73	18
74	29
75	31
76	23
77	20
78	28
79	32
80	30
81	21
82	29
83	27
84	33
85	32
86	31
87	29
88	31
89	27
90	30
91	33
92	39
93	37
94	38
95	30
96	30
97	45
98	44
99	38
100	27
101	38
102	39
103	41
104	33
105	35
106	36
107	42
108	50
109	25
110	43
111	41
112	42
113	40
114	38
115	41
116	41
117	30
118	46
119	40
120	34
121	38
122	44
123	31
124	44
125	50
126	39
127	34
128	40
129	39
130	40
131	33
132	53
133	39
134	45
135	45
136	43
137	36
138	28
139	45
140	34
141	35
142	45
143	34
144	35
145	38
146	31
147	33
148	39
149	43
150	42
151	37
152	37
153	38
154	34
155	41
156	29
157	36
158	34
159	29
160	35
161	31
162	37
163	26
164	43
165	44
166	23
167	15
168	28
169	27
170	41
171	30
172	23
173	17
174	22
175	26
176	23
177	28
178	24
179	22
180	17
181	22
182	16
183	17
184	21
185	23
186	18
187	17
188	18
189	22
190	9
191	11
192	19
193	16
194	14
195	15
196	17
197	12
198	16
199	18
200	20
201	16
202	19
203	11
204	18
205	8
206	11
207	12
208	17
209	6
210	14
211	15
212	10
213	17
214	13
215	12
216	12
217	5
218	9
219	9
220	7
221	7
222	11
223	10
224	7
225	12
226	8
227	11
228	5
229	4
230	10
231	8
232	8
233	5
234	6
235	6
236	5
237	6
238	3
239	4
240	4
241	0
242	5
243	3
244	6
245	2
246	5
247	8
248	3
249	3
250	2
251	5
252	2
253	3
254	3
255	4
256	4
257	6
258	6
259	0
260	4
261	2
262	2
263	4
264	3
265	1
266	2
267	1
268	5
269	1
270	5
271	4
272	4
273	3
274	0
275	3
276	1
277	3
278	0
279	2
280	0
281	1
282	0
283	2
284	0
285	1
286	0
287	0
288	1
289	0
290	2
291	2
292	0
293	0
294	1
295	4
296	0
297	0
298	0
299	2
300	2
301	1
302	0
303	0
304	2
305	0
306	0
307	1
308	1
309	0
310	2
311	0
312	0
313	2
314	0
315	0
316	0
317	0
318	0
319	0
320	0
321	0
322	0
323	0
324	0
325	1
326	0
327	0
328	0
329	0
330	0
331	0
332	0
333	0
334	1
335	0
336	0
337	0
338	0
339	0
340	1
341	0
342	0
343	0
344	0
345	0
346	0
347	1
348	0
349	0
350	0
351	0
352	0
353	1
354	0
355	0
356	0
357	0
358	1
359	0
360	0
361	0
362	0
363	0
364	0
365	0
366	0
367	0
368	0
369	0
370	0
371	0
372	0
373	0
374	0
375	0
376	0
377	0
378	0
379	0
380	0
381	0
382	1
383	0
384	0
385	0
386	0
387	0
388	0
389	0
390	0
391	1
392	1
393	0
394	0
395	0
396	0
397	0
398	0
399	0
400	0
401	0
402	0
403	0
404	0
405	0
406	0
407	0
408	0
409	0
410	0
411	0
412	0
413	0
414	0
415	0
416	0
417	0
418	0
419	0
420	0
421	0
422	0
423	0
424	0
425	0
426	0
427	0
428	0
429	0
430	0
431	0
432	0
433	0
434	0
435	0
436	0
437	0
438	0
439	0
440	0
441	0
442	0
443	0
444	1
445	0
446	0
447	0
448	0
449	0
450	0
451	0
452	0
453	0
454	0
455	0
456	0
457	0
458	0
459	0
460	0
461	0
462	0
463	1
464	1
465	0
466	0
467	0
468	0
469	0
470	0
471	0
472	0
473	0
474	0
475	0
476	0
477	0
478	0
479	0
480	0
481	0
482	0
483	0
484	0
485	1
486	0
487	0
488	0
489	0
490	0
491	0
492	0
493	0
494	0
495	0
496	0
497	0
498	0
499	0
500	0
501	0
502	0
503	0
504	0
505	0
506	0
507	0
508	0
509	0
510	2
511	0
512	0
513	0
514	0
515	0
516	0
517	0
518	0
519	0
520	0
521	0
522	0
523	0
524	0
525	0
526	0
527	0
528	0
529	0
530	0
531	0
532	0
533	0
534	0
535	0
536	0
537	0
538	0
539	0
540	0
541	0
542	0
543	0
544	0
545	0
546	0
547	0
548	1
549	0
550	0
551	0
552	0
553	0
554	0
555	0
556	0
557	0
558	0
559	0
560	0
561	0
562	0
563	0
564	0
565	0
566	0
567	0
568	0
569	0
570	0
571	0
572	0
573	0
574	0
575	0
576	0
577	0
578	0
579	0
580	1
581	0
582	0
583	0
584	0
585	0
586	0
587	0
588	0
589	0
590	0
591	0
592	0
593	0
594	0
595	0
596	0
597	0
598	0
599	0
600	0
601	0
602	0
603	0
604	0
605	0
606	0
607	0
608	0
609	0
610	0
611	0
612	0
613	0
614	0
615	0
616	0
617	0
618	0
619	0
620	0
621	0
622	0
623	0
624	0
625	0
626	0
627	0
628	0
629	0
630	1
631	0
632	0
633	0
634	0
635	0
636	0
637	0
638	0
639	0
640	0
641	0
642	0
643	0
644	0
645	0
646	0
647	0
648	0
649	0
650	0
651	0
652	0
653	0
654	0
655	0
656	0
657	0
658	0
659	0
660	0
661	0
662	0
663	0
664	0
665	1
666	0
667	0
668	0
669	0
670	0
671	0
672	0
673	0
674	0
675	0
676	0
677	0
678	0
679	1
680	0
681	0
682	0
683	0
684	0
685	0
686	0
687	0
688	1
689	0
690	0
691	1
692	0
693	0
694	0
695	0
696	0
697	0
698	0
699	0
700	0
701	0
702	0
703	0
704	0
705	0
706	0
707	0
708	0
709	0
710	0
711	0
712	0
713	0
714	0
715	0
716	0
717	0
718	0
719	0
720	1
721	0
722	0
723	0
724	0
725	0
726	0
727	0
728	0
729	0
730	0
731	0
732	0
733	0
734	0
735	0
736	0
737	0
738	0
739	0
740	0
741	0
742	0
743	0
744	0
745	0
746	0
747	0
748	0
749	0
750	0
751	0
752	0
753	0
754	0
755	0
756	0
757	0
758	0
759	0
760	0
761	1
762	0
763	0
764	0
765	0
766	0
767	0
768	0
769	0
770	0
771	0
772	0
773	0
774	0
775	0
776	0
777	0
778	0
779	0
780	0
781	0
782	0
783	0
784	0
785	0
786	0
787	0
788	0
789	0
790	0
791	0
792	0
793	0
794	0
795	0
796	0
797	0
798	0
799	0
800	0
801	0
802	0
803	0
804	0
805	0
806	0
807	0
808	0
809	0
810	0
811	0
812	0
813	0
814	0
815	0
816	0
817	0
818	0
819	0
820	0
821	0
822	0
823	0
824	0
825	0
826	0
827	0
828	0
829	0
830	0
831	0
832	0
833	0
834	0
835	0
836	0
837	0
838	0
839	0
840	0
841	0
842	0
843	0
844	0
845	0
846	0
847	0
848	0
849	0
850	0
851	0
852	0
853	0
854	0
855	0
856	0
857	0
858	0
859	0
860	0
861	0
862	0
863	0
864	0
865	0
866	0
867	0
868	0
869	0
870	0
871	0
872	0
873	0
874	0
875	0
876	0
877	1
878	0
879	0
880	0
881	0
882	0
883	1
884	0
885	0
886	0
887	0
888	0
889	0
890	0
891	0
892	1
893	0
894	0
895	0
896	0
897	0
898	0
899	0
900	0
901	0
902	0
903	0
904	0
905	0
906	0
907	0
908	0
909	0
910	0
911	0
912	0
913	0
914	0
915	0
916	0
917	0
918	0
919	0
920	0
921	0
922	1
923	0
924	0
925	0
926	0
927	0
928	0
929	0
930	0
931	0
932	0
933	0
934	0
935	0
936	0
937	0
938	0
939	0
940	0
941	0
942	0
943	0
944	0
945	1
946	0
947	0
948	0
949	0
950	0
951	0
952	0
953	0
954	0
955	0
956	0
957	0
958	0
959	0
960	0
961	0
962	0
963	0
964	0
965	0
966	0
967	0
968	0
969	0
970	0
971	0
972	0
973	0
974	0
975	0
976	0
977	0
978	0
979	0
980	0
981	0
982	0
983	0
984	0
985	0
986	0
987	0
988	0
989	0
990	0
991	0
992	0
993	0
994	0
995	0
996	0
997	0
998	0
999	0
1000	0
1001	0
1002	0
1003	0
1004	0
1005	0
1006	0
1007	0
1008	0
1009	0
1010	0
1011	0
1012	0
1013	0
1014	0
1015	0
1016	0
1017	0
1018	0
1019	0
1020	0
1021	0
1022	0
1023	0
