0	0
1	0
2	2
3	2
4	0
5	2
6	1
7	5
8	3
9	3
10	48
11	218
12	707
13	1174
14	1168
15	1079
16	959
17	826
18	840
19	742
20	686
21	644
22	597
23	530
24	463
25	437
26	424
27	363
28	332
29	303
30	291
31	253
32	232
33	203
34	185
35	181
36	148
37	142
38	115
39	96
40	117
41	107
42	96
43	84
44	75
45	80
46	74
47	57
48	52
49	71
50	65
51	65
52	39
53	51
54	60
55	50
56	55
57	51
58	41
59	52
60	58
61	51
62	52
63	49
64	44
65	43
66	39
67	31
68	47
69	42
70	53
71	47
72	46
73	32
74	43
75	38
76	40
77	38
78	34
79	36
80	39
81	40
82	51
83	32
84	50
85	42
86	42
87	32
88	31
89	33
90	33
91	36
92	33
93	30
94	31
95	23
96	33
97	39
98	24
99	23
100	32
101	29
102	29
103	26
104	25
105	17
106	29
107	29
108	35
109	35
110	31
111	26
112	25
113	39
114	27
115	38
116	22
117	28
118	29
119	26
120	25
121	24
122	31
123	14
124	21
125	25
126	32
127	20
128	31
129	25
130	28
131	26
132	22
133	25
134	34
135	16
136	22
137	28
138	20
139	23
140	22
141	27
142	22
143	20
144	19
145	27
146	22
147	27
148	17
149	17
150	31
151	22
152	18
153	23
154	20
155	18
156	24
157	22
158	25
159	20
160	18
161	19
162	16
163	10
164	13
165	21
166	17
167	21
168	23
169	21
170	27
171	23
172	18
173	24
174	24
175	11
176	27
177	18
178	27
179	18
180	18
181	12
182	13
183	15
184	29
185	29
186	14
187	17
188	22
189	28
190	14
191	13
192	17
193	17
194	15
195	20
196	12
197	18
198	17
199	14
200	13
201	14
202	17
203	16
204	23
205	17
206	13
207	18
208	20
209	19
210	16
211	15
212	15
213	15
214	11
215	23
216	10
217	9
218	23
219	14
220	10
221	17
222	16
223	12
224	19
225	22
226	20
227	13
228	13
229	14
230	15
231	17
232	20
233	17
234	16
235	12
236	11
237	17
238	11
239	20
240	13
241	17
242	21
243	17
244	13
245	20
246	16
247	14
248	8
249	9
250	12
251	11
252	19
253	24
254	11
255	17
256	16
257	15
258	12
259	14
260	14
261	21
262	16
263	16
264	8
265	17
266	13
267	15
268	15
269	13
270	12
271	11
272	15
273	18
274	13
275	9
276	9
277	21
278	14
279	24
280	11
281	13
282	20
283	12
284	11
285	9
286	8
287	5
288	19
289	12
290	16
291	16
292	18
293	16
294	14
295	13
296	13
297	12
298	15
299	14
300	10
301	12
302	6
303	18
304	15
305	14
306	13
307	12
308	14
309	13
310	11
311	13
312	13
313	14
314	9
315	11
316	16
317	11
318	11
319	23
320	9
321	14
322	6
323	13
324	6
325	16
326	12
327	13
328	15
329	9
330	14
331	11
332	13
333	10
334	14
335	10
336	9
337	12
338	13
339	15
340	14
341	15
342	13
343	10
344	10
345	11
346	6
347	12
348	15
349	13
350	15
351	11
352	13
353	3
354	12
355	11
356	15
357	16
358	14
359	15
360	8
361	14
362	8
363	6
364	12
365	9
366	9
367	15
368	19
369	16
370	10
371	13
372	11
373	9
374	11
375	6
376	7
377	9
378	19
379	12
380	13
381	10
382	18
383	6
384	15
385	12
386	11
387	12
388	11
389	13
390	9
391	9
392	19
393	9
394	10
395	16
396	11
397	15
398	11
399	11
400	11
401	12
402	7
403	9
404	12
405	12
406	11
407	7
408	8
409	8
410	8
411	10
412	5
413	11
414	11
415	12
416	12
417	17
418	6
419	4
420	6
421	12
422	9
423	7
424	11
425	11
426	12
427	10
428	13
429	19
430	11
431	9
432	10
433	12
434	8
435	12
436	6
437	16
438	16
439	9
440	8
441	7
442	10
443	14
444	16
445	13
446	6
447	13
448	12
449	13
450	6
451	6
452	11
453	15
454	16
455	6
456	4
457	6
458	6
459	8
460	9
461	12
462	14
463	7
464	7
465	11
466	15
467	13
468	15
469	11
470	6
471	11
472	12
473	9
474	16
475	15
476	8
477	8
478	14
479	12
480	14
481	12
482	17
483	10
484	6
485	11
486	9
487	11
488	10
489	12
490	5
491	17
492	7
493	10
494	9
495	6
496	2
497	11
498	10
499	13
500	9
501	7
502	7
503	12
504	8
505	4
506	4
507	8
508	17
509	8
510	12
511	12
512	7
513	13
514	12
515	8
516	9
517	8
518	10
519	10
520	7
521	12
522	6
523	5
524	11
525	8
526	7
527	14
528	4
529	8
530	13
531	12
532	5
533	7
534	10
535	8
536	4
537	9
538	6
539	13
540	14
541	5
542	15
543	12
544	6
545	8
546	8
547	4
548	4
549	11
550	14
551	9
552	9
553	11
554	10
555	8
556	6
557	12
558	5
559	9
560	7
561	8
562	13
563	8
564	10
565	7
566	12
567	12
568	12
569	4
570	8
571	9
572	8
573	9
574	17
575	12
576	11
577	3
578	7
579	4
580	7
581	9
582	12
583	9
584	5
585	6
586	4
587	6
588	12
589	14
590	6
591	8
592	12
593	11
594	11
595	8
596	8
597	5
598	6
599	4
600	13
601	9
602	8
603	11
604	11
605	8
606	10
607	6
608	10
609	12
610	17
611	7
612	8
613	10
614	6
615	5
616	15
617	6
618	7
619	3
620	10
621	7
622	6
623	14
624	2
625	7
626	5
627	10
628	9
629	5
630	8
631	10
632	17
633	9
634	10
635	11
636	6
637	4
638	7
639	6
640	7
641	10
642	12
643	8
644	6
645	7
646	5
647	7
648	10
649	7
650	11
651	14
652	3
653	6
654	3
655	10
656	12
657	5
658	6
659	12
660	8
661	13
662	12
663	4
664	6
665	8
666	13
667	2
668	4
669	10
670	5
671	5
672	6
673	11
674	10
675	5
676	11
677	4
678	8
679	9
680	8
681	9
682	13
683	5
684	7
685	13
686	12
687	4
688	11
689	6
690	10
691	6
692	9
693	7
694	8
695	9
696	7
697	10
698	8
699	12
700	9
701	11
702	6
703	8
704	8
705	11
706	6
707	10
708	5
709	10
710	8
711	7
712	7
713	11
714	13
715	14
716	7
717	9
718	8
719	9
720	7
721	9
722	7
723	7
724	12
725	8
726	11
727	5
728	9
729	4
730	8
731	3
732	5
733	10
734	8
735	8
736	7
737	13
738	14
739	6
740	9
741	11
742	4
743	6
744	6
745	7
746	6
747	10
748	4
749	8
750	7
751	6
752	6
753	12
754	2
755	15
756	14
757	8
758	8
759	8
760	11
761	7
762	7
763	9
764	8
765	6
766	11
767	11
768	5
769	8
770	7
771	12
772	8
773	12
774	5
775	6
776	6
777	9
778	14
779	2
780	10
781	4
782	8
783	6
784	6
785	5
786	8
787	7
788	10
789	6
790	3
791	13
792	7
793	2
794	13
795	9
796	8
797	9
798	6
799	5
800	7
801	8
802	9
803	7
804	6
805	2
806	4
807	8
808	6
809	6
810	7
811	8
812	8
813	6
814	6
815	6
816	8
817	4
818	9
819	9
820	8
821	8
822	7
823	7
824	8
825	4
826	8
827	6
828	7
829	7
830	9
831	5
832	6
833	3
834	7
835	12
836	10
837	14
838	9
839	11
840	10
841	0
842	3
843	8
844	7
845	7
846	4
847	8
848	12
849	7
850	7
851	9
852	8
853	4
854	2
855	6
856	6
857	4
858	9
859	4
860	0
861	4
862	9
863	4
864	3
865	6
866	0
867	7
868	7
869	8
870	4
871	5
872	6
873	6
874	3
875	10
876	9
877	6
878	8
879	8
880	3
881	6
882	3
883	2
884	9
885	8
886	8
887	4
888	3
889	5
890	9
891	4
892	9
893	3
894	4
895	6
896	5
897	6
898	5
899	7
900	6
901	8
902	7
903	6
904	3
905	5
906	8
907	1
908	1
909	5
910	9
911	5
912	2
913	2
914	3
915	4
916	1
917	5
918	8
919	5
920	7
921	3
922	3
923	5
924	6
925	2
926	3
927	4
928	4
929	3
930	5
931	3
932	2
933	7
934	5
935	6
936	4
937	8
938	2
939	2
940	2
941	6
942	3
943	2
944	6
945	4
946	6
947	3
948	5
949	3
950	2
951	5
952	6
953	6
954	3
955	5
956	4
957	4
958	3
959	2
960	6
961	6
962	2
963	0
964	0
965	0
966	0
967	0
968	0
969	0
970	0
971	0
972	0
973	0
974	0
975	0
976	0
977	0
978	0
979	0
980	0
981	0
982	0
983	0
984	0
985	0
986	0
987	0
988	0
989	0
990	0
991	0
992	1
993	0
994	0
995	0
996	0
997	0
998	0
999	0
1000	0
1001	0
1002	0
1003	0
1004	0
1005	0
1006	0
1007	0
1008	0
1009	0
1010	0
1011	0
1012	0
1013	0
1014	0
1015	0
1016	0
1017	0
1018	0
1019	0
1020	0
1021	0
1022	0
1023	0
