0	0
1	0
2	0
3	0
4	0
5	9
6	172
7	6454
8	378377
9	292264
10	192558
11	128927
12	89483
13	65128
14	51076
15	42885
16	37616
17	34671
18	32740
19	30774
20	29401
21	28312
22	26762
23	26421
24	25285
25	24047
26	23434
27	22517
28	21540
29	21164
30	20256
31	19393
32	18450
33	17841
34	17230
35	16508
36	15897
37	15351
38	14668
39	14085
40	13573
41	13097
42	12758
43	12185
44	11704
45	11396
46	11063
47	10666
48	10517
49	10207
50	9857
51	9554
52	9147
53	9386
54	8925
55	8733
56	8703
57	8351
58	8260
59	8135
60	8136
61	7966
62	7990
63	7799
64	7791
65	7497
66	7592
67	7338
68	7426
69	7360
70	7350
71	7273
72	7156
73	7058
74	7106
75	6993
76	6861
77	6951
78	6943
79	6848
80	6737
81	6739
82	6709
83	6691
84	6793
85	6799
86	6616
87	6525
88	6559
89	6329
90	6448
91	6476
92	6360
93	6337
94	6358
95	6216
96	6176
97	6240
98	6279
99	6291
100	6129
101	6207
102	6102
103	6116
104	6048
105	6061
106	6069
107	6023
108	5879
109	6069
110	5935
111	5900
112	5913
113	5870
114	5916
115	5812
116	5717
117	5770
118	5762
119	5804
120	5770
121	5673
122	5778
123	5707
124	5684
125	5664
126	5599
127	5599
128	5649
129	5638
130	5465
131	5553
132	5488
133	5610
134	5551
135	5595
136	5590
137	5530
138	5558
139	5570
140	5556
141	5417
142	5510
143	5578
144	5333
145	5543
146	5442
147	5256
148	5364
149	5260
150	5301
151	5391
152	5383
153	5437
154	5188
155	5148
156	5285
157	5251
158	5273
159	5200
160	5147
161	5212
162	5194
163	5182
164	5210
165	5333
166	5200
167	5249
168	5139
169	5059
170	5191
171	5256
172	5161
173	5048
174	5195
175	4985
176	5090
177	4971
178	5127
179	5080
180	5099
181	5094
182	5137
183	5110
184	5048
185	4982
186	5009
187	5035
188	4930
189	5079
190	5034
191	5010
192	4914
193	5019
194	5001
195	4984
196	5058
197	4920
198	4982
199	5036
200	4883
201	4796
202	4798
203	4977
204	4855
205	4748
206	4794
207	4970
208	4808
209	4782
210	4831
211	4952
212	4967
213	4888
214	4675
215	4753
216	4871
217	4777
218	4905
219	4777
220	4945
221	4766
222	4762
223	4786
224	4834
225	4691
226	4789
227	4626
228	4793
229	4667
230	4688
231	4647
232	4609
233	4640
234	4677
235	4707
236	4813
237	4662
238	4560
239	4647
240	4591
241	4635
242	4680
243	4528
244	4523
245	4651
246	4383
247	4629
248	4501
249	4506
250	4575
251	4573
252	4581
253	4419
254	4555
255	4411
256	4526
257	4503
258	4420
259	4380
260	4403
261	4393
262	4326
263	4344
264	4500
265	4391
266	4288
267	4356
268	4316
269	4213
270	4281
271	4263
272	4338
273	4189
274	4214
275	4239
276	4146
277	4085
278	4107
279	4119
280	4085
281	4143
282	4018
283	4075
284	4006
285	4061
286	4069
287	4042
288	4110
289	3983
290	3878
291	4040
292	3924
293	3852
294	3864
295	3804
296	3891
297	3775
298	3747
299	3877
300	3752
301	3832
302	3687
303	3767
304	3735
305	3670
306	3624
307	3766
308	3597
309	3598
310	3609
311	3713
312	3590
313	3635
314	3471
315	3534
316	3518
317	3437
318	3449
319	3493
320	3462
321	3362
322	3405
323	3306
324	3437
325	3447
326	3309
327	3215
328	3353
329	3294
330	3345
331	3215
332	3164
333	3250
334	3137
335	2988
336	3148
337	3074
338	3050
339	3031
340	3103
341	3023
342	3056
343	3034
344	2942
345	3022
346	2979
347	2906
348	2942
349	2881
350	2885
351	2827
352	2699
353	2756
354	2736
355	2688
356	2600
357	2674
358	2722
359	2633
360	2705
361	2646
362	2525
363	2593
364	2580
365	2513
366	2478
367	2474
368	2532
369	2469
370	2371
371	2455
372	2428
373	2269
374	2330
375	2363
376	2282
377	2259
378	2265
379	2288
380	2241
381	2364
382	2178
383	2233
384	2119
385	2092
386	2117
387	2058
388	2060
389	2100
390	2064
391	2004
392	2022
393	2015
394	1935
395	2009
396	1915
397	1848
398	1904
399	1897
400	1855
401	1860
402	1772
403	1775
404	1826
405	1723
406	1735
407	1722
408	1792
409	1683
410	1706
411	1532
412	1594
413	1619
414	1571
415	1544
416	1599
417	1563
418	1482
419	1580
420	1510
421	1480
422	1423
423	1483
424	1423
425	1482
426	1353
427	1409
428	1400
429	1366
430	1373
431	1223
432	1259
433	1328
434	1288
435	1331
436	1307
437	1245
438	1253
439	1271
440	1196
441	1214
442	1087
443	1156
444	1128
445	1137
446	1108
447	1060
448	1071
449	1003
450	986
451	1021
452	1032
453	998
454	972
455	1013
456	983
457	981
458	943
459	1004
460	896
461	950
462	927
463	956
464	888
465	933
466	883
467	878
468	850
469	767
470	874
471	787
472	842
473	791
474	835
475	770
476	751
477	699
478	760
479	736
480	745
481	741
482	689
483	715
484	648
485	686
486	649
487	684
488	652
489	631
490	626
491	672
492	618
493	676
494	612
495	594
496	553
497	576
498	579
499	558
500	544
501	588
502	507
503	546
504	531
505	502
506	540
507	539
508	465
509	509
510	459
511	450
512	449
513	435
514	461
515	452
516	428
517	453
518	386
519	425
520	440
521	392
522	424
523	396
524	360
525	391
526	354
527	392
528	381
529	362
530	337
531	325
532	353
533	335
534	317
535	319
536	353
537	295
538	323
539	328
540	280
541	285
542	308
543	302
544	303
545	286
546	254
547	260
548	235
549	262
550	261
551	213
552	227
553	247
554	214
555	211
556	221
557	200
558	203
559	195
560	209
561	226
562	190
563	181
564	184
565	182
566	197
567	160
568	157
569	153
570	154
571	156
572	155
573	131
574	144
575	148
576	129
577	123
578	150
579	130
580	144
581	149
582	134
583	131
584	127
585	113
586	119
587	116
588	104
589	92
590	94
591	101
592	91
593	92
594	95
595	94
596	83
597	82
598	91
599	78
600	95
601	71
602	82
603	68
604	85
605	77
606	73
607	56
608	64
609	52
610	68
611	66
612	62
613	66
614	67
615	43
616	50
617	48
618	59
619	58
620	57
621	54
622	51
623	40
624	49
625	48
626	44
627	50
628	34
629	45
630	50
631	45
632	41
633	37
634	44
635	34
636	43
637	29
638	39
639	29
640	30
641	25
642	30
643	46
644	40
645	34
646	43
647	36
648	39
649	39
650	29
651	31
652	31
653	23
654	33
655	29
656	44
657	22
658	29
659	30
660	26
661	29
662	25
663	31
664	29
665	28
666	16
667	25
668	30
669	23
670	27
671	29
672	35
673	20
674	22
675	37
676	24
677	27
678	24
679	17
680	19
681	28
682	29
683	21
684	32
685	18
686	18
687	14
688	18
689	30
690	27
691	27
692	12
693	22
694	21
695	21
696	22
697	20
698	19
699	20
700	19
701	18
702	24
703	18
704	21
705	13
706	13
707	29
708	23
709	30
710	12
711	28
712	16
713	20
714	28
715	14
716	14
717	20
718	20
719	19
720	26
721	30
722	22
723	26
724	25
725	21
726	17
727	25
728	15
729	25
730	19
731	20
732	13
733	27
734	30
735	20
736	23
737	22
738	15
739	20
740	22
741	24
742	15
743	22
744	20
745	18
746	15
747	18
748	28
749	20
750	19
751	18
752	34
753	23
754	18
755	20
756	14
757	22
758	21
759	17
760	14
761	15
762	17
763	11
764	16
765	21
766	20
767	22
768	16
769	16
770	13
771	19
772	20
773	25
774	19
775	24
776	23
777	16
778	17
779	19
780	21
781	23
782	18
783	19
784	10
785	18
786	13
787	18
788	15
789	14
790	15
791	18
792	15
793	18
794	17
795	15
796	23
797	17
798	14
799	16
800	11
801	11
802	17
803	16
804	15
805	24
806	15
807	11
808	14
809	16
810	17
811	11
812	17
813	14
814	10
815	14
816	17
817	16
818	20
819	11
820	16
821	20
822	13
823	14
824	13
825	23
826	11
827	17
828	11
829	15
830	18
831	18
832	20
833	15
834	15
835	13
836	17
837	19
838	19
839	12
840	16
841	16
842	11
843	15
844	19
845	14
846	12
847	13
848	9
849	15
850	10
851	17
852	12
853	13
854	18
855	10
856	18
857	19
858	14
859	16
860	18
861	11
862	12
863	15
864	15
865	7
866	12
867	17
868	9
869	8
870	16
871	13
872	15
873	13
874	15
875	13
876	13
877	11
878	9
879	18
880	16
881	15
882	11
883	7
884	15
885	16
886	10
887	15
888	15
889	17
890	13
891	12
892	12
893	21
894	19
895	10
896	17
897	10
898	21
899	7
900	14
901	11
902	16
903	14
904	14
905	6
906	17
907	14
908	8
909	10
910	16
911	19
912	15
913	18
914	13
915	14
916	12
917	12
918	9
919	16
920	14
921	11
922	16
923	10
924	17
925	9
926	12
927	11
928	12
929	12
930	9
931	16
932	20
933	13
934	19
935	17
936	16
937	13
938	16
939	14
940	11
941	14
942	11
943	13
944	15
945	13
946	8
947	16
948	18
949	15
950	9
951	9
952	14
953	19
954	19
955	17
956	10
957	15
958	12
959	16
960	6
961	8
962	13
963	10
964	10
965	9
966	14
967	15
968	15
969	19
970	16
971	11
972	16
973	16
974	10
975	11
976	12
977	14
978	11
979	8
980	8
981	10
982	16
983	9
984	10
985	5
986	4
987	0
988	1
989	0
990	0
991	0
992	0
993	1
994	0
995	0
996	0
997	0
998	0
999	0
1000	0
1001	0
1002	0
1003	0
1004	0
1005	0
1006	0
1007	0
1008	0
1009	0
1010	0
1011	0
1012	0
1013	0
1014	0
1015	0
1016	0
1017	0
1018	0
1019	0
1020	0
1021	0
1022	0
1023	0
