0	0
1	0
2	0
3	0
4	1
5	0
6	1
7	105
8	198
9	70
10	62
11	57
12	62
13	111
14	135
15	154
16	210
17	173
18	187
19	177
20	178
21	197
22	162
23	152
24	144
25	140
26	137
27	136
28	134
29	134
30	123
31	108
32	133
33	98
34	109
35	104
36	119
37	109
38	88
39	114
40	95
41	114
42	77
43	108
44	83
45	98
46	93
47	67
48	74
49	92
50	67
51	78
52	77
53	72
54	72
55	64
56	56
57	62
58	52
59	50
60	47
61	52
62	57
63	52
64	53
65	59
66	43
67	37
68	44
69	54
70	40
71	36
72	39
73	38
74	31
75	25
76	31
77	20
78	27
79	26
80	30
81	32
82	26
83	33
84	27
85	30
86	22
87	19
88	28
89	17
90	18
91	17
92	27
93	26
94	19
95	23
96	20
97	30
98	25
99	22
100	12
101	25
102	14
103	19
104	16
105	19
106	12
107	24
108	21
109	20
110	16
111	12
112	17
113	28
114	20
115	15
116	12
117	18
118	15
119	18
120	22
121	14
122	12
123	19
124	16
125	23
126	22
127	16
128	23
129	17
130	11
131	17
132	13
133	13
134	13
135	11
136	8
137	13
138	14
139	17
140	12
141	13
142	13
143	16
144	21
145	10
146	21
147	17
148	9
149	20
150	11
151	18
152	11
153	17
154	14
155	11
156	15
157	23
158	6
159	15
160	12
161	13
162	16
163	17
164	18
165	15
166	9
167	14
168	14
169	13
170	12
171	15
172	13
173	19
174	10
175	14
176	18
177	11
178	10
179	13
180	15
181	17
182	11
183	11
184	15
185	17
186	14
187	10
188	10
189	14
190	9
191	16
192	20
193	17
194	16
195	16
196	12
197	16
198	14
199	11
200	14
201	10
202	16
203	20
204	15
205	11
206	16
207	19
208	10
209	10
210	10
211	19
212	12
213	11
214	11
215	11
216	9
217	14
218	9
219	13
220	13
221	17
222	19
223	10
224	12
225	8
226	8
227	10
228	12
229	17
230	10
231	9
232	16
233	13
234	11
235	20
236	14
237	11
238	15
239	5
240	9
241	9
242	15
243	11
244	15
245	12
246	10
247	10
248	14
249	14
250	16
251	16
252	14
253	11
254	7
255	10
256	13
257	16
258	16
259	6
260	10
261	11
262	6
263	8
264	16
265	15
266	10
267	10
268	9
269	9
270	12
271	10
272	9
273	14
274	10
275	8
276	8
277	10
278	14
279	8
280	9
281	10
282	7
283	11
284	10
285	9
286	13
287	9
288	8
289	10
290	12
291	9
292	11
293	8
294	7
295	14
296	5
297	5
298	9
299	8
300	9
301	7
302	11
303	6
304	6
305	6
306	9
307	8
308	14
309	4
310	6
311	12
312	10
313	6
314	9
315	3
316	7
317	5
318	8
319	5
320	7
321	6
322	4
323	9
324	6
325	8
326	7
327	6
328	9
329	14
330	5
331	9
332	8
333	5
334	8
335	7
336	8
337	10
338	5
339	6
340	7
341	4
342	3
343	4
344	7
345	7
346	6
347	3
348	5
349	2
350	6
351	2
352	5
353	4
354	4
355	4
356	2
357	7
358	8
359	6
360	9
361	2
362	2
363	3
364	8
365	2
366	4
367	6
368	4
369	5
370	5
371	4
372	1
373	5
374	4
375	7
376	7
377	2
378	6
379	4
380	4
381	3
382	2
383	3
384	3
385	3
386	3
387	5
388	5
389	3
390	7
391	8
392	3
393	3
394	5
395	3
396	2
397	3
398	2
399	1
400	6
401	4
402	3
403	5
404	3
405	1
406	3
407	6
408	5
409	2
410	1
411	1
412	4
413	1
414	4
415	3
416	1
417	2
418	1
419	0
420	1
421	2
422	5
423	3
424	0
425	0
426	4
427	3
428	1
429	3
430	2
431	0
432	0
433	1
434	0
435	0
436	2
437	2
438	1
439	1
440	1
441	2
442	3
443	2
444	2
445	2
446	0
447	1
448	1
449	0
450	1
451	3
452	0
453	1
454	2
455	0
456	0
457	0
458	4
459	1
460	0
461	0
462	1
463	1
464	0
465	1
466	2
467	2
468	0
469	1
470	1
471	0
472	0
473	0
474	1
475	1
476	1
477	0
478	0
479	1
480	1
481	2
482	1
483	3
484	0
485	0
486	1
487	0
488	0
489	0
490	1
491	1
492	0
493	2
494	0
495	1
496	0
497	0
498	1
499	1
500	2
501	1
502	1
503	0
504	0
505	0
506	0
507	0
508	0
509	0
510	0
511	0
512	0
513	1
514	0
515	1
516	0
517	1
518	0
519	0
520	0
521	0
522	0
523	0
524	0
525	0
526	0
527	0
528	0
529	0
530	1
531	0
532	1
533	1
534	1
535	0
536	0
537	0
538	0
539	1
540	0
541	0
542	0
543	0
544	0
545	0
546	0
547	0
548	0
549	0
550	0
551	1
552	0
553	0
554	1
555	0
556	0
557	0
558	0
559	1
560	0
561	0
562	0
563	0
564	0
565	0
566	1
567	0
568	0
569	0
570	0
571	0
572	0
573	1
574	0
575	1
576	0
577	0
578	0
579	0
580	1
581	0
582	0
583	0
584	0
585	0
586	0
587	0
588	1
589	0
590	0
591	0
592	0
593	0
594	0
595	1
596	0
597	0
598	0
599	0
600	0
601	1
602	0
603	0
604	0
605	0
606	0
607	0
608	0
609	0
610	0
611	0
612	0
613	0
614	0
615	0
616	0
617	0
618	0
619	0
620	0
621	0
622	0
623	0
624	0
625	0
626	0
627	0
628	0
629	0
630	1
631	0
632	0
633	0
634	0
635	0
636	0
637	0
638	0
639	0
640	0
641	0
642	0
643	0
644	0
645	0
646	0
647	0
648	0
649	0
650	0
651	0
652	0
653	0
654	0
655	0
656	0
657	0
658	0
659	0
660	0
661	1
662	0
663	0
664	0
665	0
666	0
667	0
668	0
669	0
670	0
671	1
672	1
673	0
674	0
675	0
676	0
677	0
678	0
679	0
680	0
681	0
682	0
683	0
684	0
685	0
686	0
687	0
688	0
689	0
690	0
691	0
692	0
693	0
694	0
695	0
696	0
697	0
698	0
699	0
700	0
701	0
702	0
703	0
704	0
705	0
706	0
707	0
708	0
709	0
710	0
711	0
712	1
713	0
714	0
715	0
716	0
717	0
718	0
719	0
720	0
721	0
722	0
723	0
724	0
725	0
726	0
727	0
728	0
729	0
730	0
731	0
732	0
733	0
734	0
735	1
736	0
737	0
738	0
739	0
740	0
741	0
742	0
743	0
744	0
745	0
746	0
747	0
748	0
749	0
750	0
751	0
752	0
753	1
754	0
755	0
756	0
757	0
758	0
759	0
760	0
761	0
762	0
763	0
764	0
765	0
766	1
767	0
768	0
769	0
770	0
771	0
772	0
773	0
774	0
775	1
776	0
777	0
778	0
779	1
780	0
781	0
782	0
783	0
784	0
785	0
786	0
787	0
788	0
789	0
790	0
791	0
792	0
793	0
794	0
795	0
796	0
797	0
798	1
799	1
800	0
801	0
802	0
803	0
804	0
805	0
806	0
807	0
808	1
809	0
810	0
811	0
812	0
813	0
814	0
815	0
816	0
817	0
818	0
819	0
820	0
821	0
822	0
823	0
824	0
825	0
826	0
827	0
828	0
829	0
830	0
831	0
832	0
833	0
834	0
835	0
836	0
837	0
838	0
839	0
840	0
841	0
842	0
843	0
844	0
845	0
846	0
847	0
848	0
849	0
850	0
851	0
852	0
853	0
854	0
855	0
856	0
857	0
858	0
859	0
860	0
861	0
862	0
863	0
864	0
865	0
866	0
867	0
868	0
869	0
870	0
871	0
872	0
873	0
874	0
875	0
876	0
877	0
878	0
879	0
880	0
881	0
882	0
883	0
884	1
885	0
886	0
887	0
888	0
889	0
890	0
891	0
892	0
893	0
894	0
895	0
896	0
897	0
898	0
899	0
900	0
901	0
902	0
903	0
904	0
905	0
906	0
907	0
908	0
909	0
910	0
911	0
912	0
913	0
914	0
915	0
916	0
917	0
918	0
919	0
920	0
921	0
922	0
923	0
924	0
925	0
926	0
927	0
928	0
929	0
930	0
931	0
932	0
933	0
934	0
935	0
936	0
937	0
938	0
939	0
940	0
941	0
942	0
943	0
944	0
945	0
946	0
947	0
948	0
949	0
950	0
951	0
952	0
953	0
954	0
955	0
956	0
957	0
958	0
959	0
960	0
961	0
962	0
963	0
964	0
965	0
966	0
967	0
968	0
969	0
970	0
971	0
972	0
973	0
974	0
975	0
976	0
977	0
978	0
979	0
980	0
981	0
982	0
983	0
984	0
985	0
986	0
987	0
988	0
989	0
990	0
991	0
992	0
993	0
994	0
995	0
996	0
997	0
998	0
999	0
1000	0
1001	0
1002	0
1003	0
1004	0
1005	0
1006	0
1007	0
1008	0
1009	0
1010	0
1011	0
1012	0
1013	0
1014	0
1015	0
1016	0
1017	0
1018	0
1019	0
1020	0
1021	0
1022	0
1023	0
