0	0
1	0
2	0
3	9
4	26
5	46
6	59
7	3750
8	8140
9	1206
10	570
11	425
12	1107
13	8858
14	9189
15	9512
16	10246
17	9517
18	9062
19	8646
20	8050
21	7792
22	7345
23	6951
24	6394
25	6202
26	5718
27	5396
28	5184
29	4772
30	4523
31	4335
32	3998
33	3836
34	3618
35	3325
36	3295
37	3139
38	2856
39	2694
40	2644
41	2443
42	2316
43	2214
44	2272
45	2005
46	2009
47	1870
48	1806
49	1703
50	1683
51	1612
52	1562
53	1434
54	1494
55	1420
56	1371
57	1297
58	1279
59	1221
60	1211
61	1171
62	1127
63	1069
64	1121
65	1074
66	1039
67	1023
68	979
69	920
70	924
71	888
72	924
73	933
74	863
75	773
76	831
77	846
78	767
79	827
80	748
81	793
82	781
83	779
84	698
85	703
86	752
87	687
88	663
89	648
90	692
91	695
92	667
93	628
94	612
95	598
96	580
97	589
98	603
99	609
100	589
101	604
102	556
103	567
104	550
105	522
106	601
107	531
108	585
109	508
110	511
111	515
112	516
113	554
114	500
115	492
116	480
117	505
118	526
119	499
120	504
121	487
122	468
123	502
124	473
125	451
126	419
127	432
128	449
129	454
130	447
131	453
132	379
133	413
134	392
135	426
136	414
137	407
138	400
139	368
140	450
141	421
142	385
143	387
144	364
145	329
146	392
147	359
148	404
149	346
150	384
151	408
152	383
153	409
154	312
155	305
156	340
157	343
158	323
159	349
160	336
161	319
162	328
163	345
164	301
165	307
166	314
167	305
168	334
169	325
170	328
171	287
172	275
173	302
174	294
175	316
176	314
177	290
178	300
179	272
180	247
181	299
182	283
183	299
184	265
185	268
186	270
187	245
188	245
189	257
190	267
191	257
192	224
193	223
194	236
195	237
196	258
197	219
198	244
199	264
200	213
201	213
202	239
203	242
204	246
205	225
206	218
207	206
208	230
209	220
210	216
211	241
212	227
213	222
214	208
215	215
216	224
217	206
218	230
219	218
220	210
221	204
222	201
223	227
224	202
225	207
226	178
227	169
228	198
229	208
230	188
231	186
232	197
233	176
234	189
235	207
236	175
237	192
238	195
239	199
240	180
241	188
242	174
243	192
244	146
245	166
246	177
247	171
248	158
249	180
250	175
251	168
252	167
253	151
254	129
255	143
256	163
257	157
258	127
259	151
260	149
261	128
262	169
263	173
264	162
265	141
266	146
267	133
268	125
269	144
270	127
271	130
272	155
273	143
274	140
275	129
276	114
277	109
278	132
279	113
280	131
281	134
282	145
283	129
284	133
285	126
286	135
287	104
288	119
289	119
290	131
291	108
292	113
293	111
294	117
295	112
296	111
297	105
298	112
299	127
300	85
301	114
302	96
303	90
304	95
305	86
306	105
307	92
308	117
309	124
310	91
311	92
312	100
313	108
314	99
315	92
316	88
317	95
318	100
319	84
320	103
321	94
322	88
323	91
324	86
325	80
326	96
327	83
328	94
329	90
330	74
331	87
332	84
333	76
334	93
335	85
336	88
337	78
338	74
339	82
340	71
341	73
342	78
343	76
344	78
345	77
346	73
347	85
348	81
349	74
350	73
351	64
352	80
353	84
354	61
355	72
356	58
357	71
358	58
359	87
360	86
361	60
362	69
363	74
364	66
365	91
366	66
367	79
368	68
369	67
370	64
371	61
372	52
373	55
374	67
375	70
376	65
377	66
378	53
379	65
380	51
381	65
382	63
383	51
384	53
385	60
386	69
387	62
388	53
389	73
390	44
391	64
392	51
393	54
394	60
395	62
396	54
397	58
398	48
399	69
400	56
401	65
402	48
403	52
404	70
405	44
406	58
407	45
408	50
409	57
410	52
411	50
412	62
413	55
414	49
415	51
416	51
417	47
418	54
419	55
420	52
421	64
422	57
423	58
424	40
425	52
426	58
427	37
428	51
429	67
430	50
431	35
432	42
433	56
434	48
435	46
436	52
437	45
438	45
439	46
440	55
441	51
442	54
443	53
444	61
445	60
446	54
447	41
448	63
449	41
450	58
451	41
452	52
453	31
454	53
455	59
456	52
457	39
458	43
459	45
460	46
461	49
462	62
463	53
464	33
465	36
466	57
467	43
468	47
469	52
470	49
471	36
472	44
473	42
474	45
475	42
476	48
477	43
478	45
479	47
480	41
481	40
482	55
483	53
484	37
485	43
486	43
487	52
488	42
489	46
490	56
491	52
492	41
493	39
494	50
495	46
496	60
497	54
498	49
499	61
500	40
501	31
502	43
503	40
504	50
505	51
506	44
507	56
508	49
509	34
510	48
511	52
512	41
513	51
514	45
515	42
516	43
517	40
518	59
519	52
520	41
521	42
522	43
523	43
524	35
525	48
526	38
527	48
528	45
529	50
530	34
531	46
532	45
533	39
534	44
535	50
536	61
537	60
538	43
539	35
540	45
541	49
542	58
543	49
544	39
545	58
546	43
547	42
548	49
549	44
550	49
551	45
552	33
553	47
554	46
555	56
556	57
557	44
558	41
559	47
560	52
561	65
562	64
563	43
564	53
565	47
566	54
567	55
568	55
569	44
570	45
571	60
572	44
573	58
574	57
575	48
576	52
577	49
578	49
579	61
580	50
581	38
582	42
583	55
584	59
585	51
586	55
587	40
588	53
589	42
590	67
591	50
592	47
593	40
594	51
595	60
596	30
597	45
598	44
599	50
600	48
601	52
602	53
603	40
604	48
605	65
606	47
607	39
608	45
609	36
610	51
611	56
612	50
613	55
614	49
615	39
616	59
617	57
618	39
619	56
620	58
621	49
622	48
623	52
624	49
625	43
626	40
627	40
628	47
629	43
630	74
631	33
632	60
633	43
634	39
635	38
636	36
637	46
638	57
639	52
640	45
641	55
642	37
643	41
644	42
645	42
646	41
647	42
648	41
649	52
650	49
651	47
652	50
653	36
654	43
655	42
656	38
657	41
658	40
659	43
660	52
661	38
662	46
663	44
664	43
665	41
666	39
667	43
668	50
669	39
670	39
671	30
672	36
673	50
674	39
675	39
676	53
677	34
678	45
679	37
680	40
681	51
682	46
683	36
684	36
685	44
686	39
687	37
688	41
689	47
690	41
691	35
692	40
693	31
694	38
695	21
696	38
697	34
698	32
699	36
700	28
701	50
702	26
703	27
704	34
705	37
706	35
707	37
708	35
709	38
710	30
711	25
712	33
713	31
714	33
715	27
716	37
717	19
718	20
719	38
720	42
721	30
722	22
723	27
724	25
725	18
726	19
727	17
728	26
729	24
730	27
731	26
732	19
733	22
734	26
735	26
736	19
737	28
738	17
739	15
740	24
741	24
742	17
743	16
744	13
745	25
746	19
747	21
748	18
749	11
750	29
751	18
752	26
753	16
754	16
755	21
756	16
757	15
758	26
759	21
760	13
761	14
762	21
763	19
764	14
765	21
766	18
767	25
768	15
769	13
770	23
771	22
772	15
773	15
774	17
775	22
776	17
777	12
778	15
779	16
780	16
781	12
782	8
783	12
784	10
785	9
786	14
787	19
788	11
789	14
790	14
791	12
792	20
793	13
794	14
795	15
796	12
797	11
798	21
799	4
800	8
801	13
802	16
803	10
804	9
805	12
806	12
807	12
808	18
809	6
810	7
811	14
812	8
813	10
814	9
815	9
816	8
817	6
818	7
819	8
820	13
821	9
822	6
823	15
824	11
825	15
826	10
827	9
828	8
829	7
830	8
831	13
832	4
833	7
834	6
835	11
836	6
837	9
838	6
839	8
840	4
841	12
842	6
843	12
844	5
845	12
846	5
847	13
848	14
849	8
850	6
851	12
852	4
853	7
854	7
855	4
856	6
857	5
858	5
859	9
860	3
861	5
862	6
863	10
864	13
865	9
866	8
867	6
868	1
869	8
870	9
871	2
872	6
873	9
874	7
875	9
876	9
877	7
878	6
879	11
880	8
881	15
882	11
883	3
884	5
885	3
886	6
887	5
888	5
889	7
890	4
891	7
892	4
893	6
894	8
895	6
896	5
897	5
898	8
899	7
900	5
901	7
902	5
903	7
904	9
905	4
906	7
907	5
908	8
909	6
910	8
911	4
912	4
913	4
914	4
915	1
916	4
917	6
918	5
919	0
920	3
921	0
922	2
923	2
924	2
925	1
926	1
927	0
928	1
929	1
930	0
931	0
932	1
933	1
934	0
935	0
936	1
937	0
938	1
939	0
940	1
941	1
942	2
943	0
944	0
945	0
946	0
947	0
948	0
949	0
950	0
951	0
952	0
953	0
954	1
955	0
956	0
957	0
958	0
959	0
960	0
961	0
962	1
963	0
964	1
965	0
966	0
967	0
968	0
969	0
970	0
971	0
972	0
973	0
974	0
975	0
976	0
977	0
978	0
979	0
980	0
981	0
982	0
983	0
984	0
985	0
986	0
987	0
988	0
989	0
990	0
991	0
992	0
993	0
994	0
995	0
996	0
997	0
998	0
999	0
1000	0
1001	0
1002	0
1003	0
1004	0
1005	0
1006	0
1007	0
1008	0
1009	0
1010	0
1011	0
1012	0
1013	0
1014	0
1015	0
1016	0
1017	0
1018	0
1019	0
1020	0
1021	0
1022	0
1023	0
