0	0
1	0
2	0
3	0
4	0
5	0
6	0
7	1
8	3
9	1
10	3
11	0
12	2
13	0
14	4
15	2
16	0
17	1
18	1
19	5
20	3
21	2
22	4
23	4
24	4
25	6
26	8
27	7
28	7
29	10
30	5
31	6
32	13
33	12
34	14
35	9
36	18
37	9
38	17
39	17
40	11
41	10
42	14
43	10
44	13
45	18
46	16
47	17
48	12
49	14
50	13
51	14
52	15
53	20
54	13
55	16
56	19
57	25
58	14
59	15
60	20
61	13
62	13
63	20
64	15
65	13
66	18
67	19
68	21
69	23
70	11
71	18
72	19
73	25
74	16
75	22
76	23
77	17
78	18
79	18
80	25
81	23
82	25
83	20
84	14
85	13
86	28
87	24
88	25
89	19
90	19
91	27
92	19
93	22
94	22
95	20
96	23
97	24
98	19
99	15
100	20
101	34
102	23
103	33
104	20
105	27
106	23
107	32
108	27
109	25
110	26
111	31
112	31
113	25
114	24
115	37
116	42
117	41
118	30
119	33
120	21
121	27
122	23
123	29
124	25
125	24
126	38
127	20
128	34
129	29
130	28
131	27
132	19
133	29
134	27
135	21
136	28
137	36
138	40
139	34
140	31
141	26
142	34
143	29
144	31
145	34
146	29
147	39
148	33
149	28
150	36
151	30
152	29
153	30
154	31
155	32
156	31
157	33
158	44
159	37
160	37
161	35
162	34
163	38
164	23
165	27
166	38
167	35
168	26
169	39
170	36
171	39
172	40
173	35
174	40
175	33
176	29
177	29
178	36
179	29
180	35
181	37
182	26
183	31
184	31
185	20
186	36
187	45
188	32
189	32
190	32
191	31
192	31
193	30
194	35
195	23
196	34
197	34
198	39
199	27
200	39
201	26
202	31
203	42
204	26
205	29
206	36
207	31
208	34
209	23
210	29
211	32
212	31
213	38
214	34
215	33
216	30
217	37
218	21
219	30
220	23
221	28
222	23
223	33
224	30
225	28
226	26
227	29
228	32
229	39
230	26
231	35
232	27
233	42
234	27
235	31
236	20
237	24
238	26
239	28
240	23
241	26
242	21
243	25
244	24
245	26
246	29
247	19
248	18
249	27
250	30
251	25
252	27
253	28
254	21
255	22
256	23
257	22
258	23
259	14
260	20
261	23
262	34
263	25
264	17
265	23
266	15
267	22
268	19
269	30
270	15
271	19
272	15
273	19
274	18
275	23
276	17
277	24
278	21
279	19
280	18
281	21
282	18
283	25
284	19
285	15
286	16
287	16
288	14
289	12
290	17
291	20
292	16
293	17
294	15
295	7
296	17
297	18
298	17
299	19
300	14
301	10
302	10
303	12
304	9
305	13
306	10
307	14
308	8
309	11
310	10
311	11
312	12
313	9
314	18
315	15
316	6
317	13
318	12
319	13
320	11
321	11
322	7
323	8
324	12
325	8
326	6
327	7
328	12
329	9
330	10
331	6
332	8
333	10
334	9
335	9
336	10
337	5
338	12
339	9
340	5
341	10
342	6
343	10
344	9
345	6
346	6
347	3
348	10
349	10
350	5
351	9
352	6
353	7
354	7
355	6
356	8
357	4
358	3
359	3
360	4
361	7
362	6
363	6
364	8
365	4
366	2
367	4
368	4
369	3
370	4
371	4
372	4
373	6
374	6
375	1
376	6
377	3
378	4
379	2
380	4
381	0
382	3
383	5
384	3
385	2
386	3
387	4
388	2
389	2
390	5
391	2
392	6
393	4
394	4
395	2
396	6
397	2
398	7
399	2
400	5
401	4
402	2
403	6
404	3
405	6
406	2
407	5
408	1
409	4
410	3
411	2
412	1
413	5
414	1
415	3
416	4
417	2
418	2
419	2
420	3
421	2
422	3
423	1
424	1
425	3
426	2
427	2
428	2
429	2
430	3
431	6
432	2
433	5
434	4
435	1
436	1
437	6
438	1
439	0
440	2
441	1
442	1
443	2
444	0
445	1
446	0
447	0
448	3
449	0
450	0
451	0
452	1
453	1
454	1
455	3
456	6
457	0
458	1
459	1
460	0
461	0
462	2
463	1
464	1
465	0
466	1
467	2
468	0
469	0
470	1
471	2
472	1
473	0
474	2
475	1
476	1
477	0
478	2
479	0
480	1
481	0
482	2
483	1
484	1
485	0
486	2
487	1
488	4
489	0
490	0
491	1
492	2
493	1
494	1
495	0
496	0
497	3
498	0
499	0
500	1
501	0
502	0
503	2
504	0
505	1
506	2
507	0
508	2
509	0
510	0
511	0
512	1
513	0
514	1
515	0
516	0
517	0
518	0
519	0
520	1
521	0
522	0
523	0
524	0
525	3
526	0
527	1
528	0
529	1
530	0
531	1
532	0
533	0
534	0
535	0
536	2
537	1
538	1
539	0
540	0
541	1
542	0
543	0
544	0
545	0
546	0
547	0
548	0
549	0
550	0
551	0
552	0
553	1
554	0
555	0
556	0
557	0
558	0
559	0
560	0
561	0
562	0
563	0
564	0
565	0
566	1
567	0
568	1
569	0
570	0
571	0
572	0
573	0
574	0
575	0
576	0
577	0
578	0
579	0
580	0
581	0
582	0
583	0
584	0
585	0
586	1
587	0
588	0
589	0
590	1
591	0
592	0
593	0
594	1
595	0
596	0
597	0
598	1
599	0
600	0
601	0
602	0
603	0
604	0
605	0
606	0
607	0
608	0
609	0
610	0
611	0
612	0
613	1
614	0
615	0
616	0
617	0
618	0
619	0
620	0
621	0
622	0
623	0
624	0
625	0
626	0
627	0
628	0
629	0
630	0
631	0
632	0
633	0
634	0
635	0
636	0
637	0
638	0
639	0
640	0
641	0
642	0
643	0
644	1
645	1
646	0
647	0
648	0
649	0
650	1
651	0
652	1
653	0
654	0
655	0
656	0
657	0
658	0
659	0
660	0
661	0
662	0
663	0
664	0
665	0
666	1
667	0
668	0
669	1
670	0
671	0
672	0
673	0
674	0
675	0
676	0
677	0
678	0
679	0
680	0
681	1
682	0
683	0
684	0
685	0
686	0
687	0
688	0
689	0
690	0
691	0
692	0
693	0
694	0
695	0
696	0
697	0
698	0
699	0
700	0
701	0
702	0
703	0
704	0
705	1
706	0
707	0
708	0
709	0
710	0
711	0
712	0
713	0
714	0
715	0
716	0
717	0
718	0
719	0
720	1
721	0
722	0
723	0
724	0
725	0
726	0
727	0
728	0
729	0
730	0
731	0
732	0
733	1
734	0
735	0
736	0
737	0
738	0
739	0
740	0
741	1
742	1
743	0
744	0
745	0
746	0
747	0
748	0
749	0
750	0
751	0
752	0
753	0
754	0
755	0
756	0
757	0
758	1
759	0
760	0
761	0
762	0
763	0
764	0
765	0
766	0
767	0
768	1
769	0
770	0
771	0
772	0
773	0
774	0
775	0
776	0
777	0
778	0
779	1
780	0
781	0
782	0
783	0
784	0
785	0
786	0
787	0
788	0
789	0
790	0
791	0
792	0
793	0
794	0
795	0
796	0
797	0
798	0
799	0
800	0
801	0
802	0
803	0
804	0
805	1
806	0
807	1
808	0
809	0
810	1
811	0
812	0
813	1
814	1
815	0
816	0
817	0
818	0
819	0
820	0
821	0
822	0
823	0
824	0
825	0
826	0
827	0
828	0
829	0
830	0
831	0
832	0
833	0
834	0
835	0
836	0
837	0
838	0
839	0
840	1
841	0
842	0
843	0
844	0
845	0
846	0
847	0
848	0
849	0
850	0
851	0
852	0
853	0
854	0
855	0
856	0
857	0
858	0
859	0
860	0
861	0
862	0
863	0
864	0
865	0
866	0
867	0
868	0
869	0
870	0
871	0
872	0
873	0
874	0
875	0
876	0
877	0
878	0
879	0
880	0
881	0
882	0
883	0
884	0
885	0
886	0
887	1
888	0
889	0
890	0
891	0
892	0
893	0
894	0
895	0
896	0
897	0
898	0
899	0
900	0
901	0
902	1
903	0
904	1
905	0
906	0
907	0
908	0
909	0
910	0
911	0
912	0
913	0
914	0
915	0
916	0
917	0
918	1
919	0
920	0
921	0
922	0
923	0
924	0
925	0
926	0
927	0
928	0
929	0
930	0
931	0
932	0
933	0
934	0
935	0
936	0
937	0
938	0
939	0
940	0
941	0
942	0
943	0
944	0
945	0
946	0
947	0
948	0
949	0
950	0
951	0
952	0
953	0
954	0
955	0
956	0
957	0
958	0
959	0
960	0
961	0
962	0
963	0
964	0
965	0
966	0
967	0
968	0
969	0
970	0
971	0
972	0
973	0
974	0
975	0
976	0
977	0
978	0
979	0
980	0
981	0
982	0
983	0
984	0
985	0
986	0
987	0
988	0
989	0
990	0
991	0
992	0
993	0
994	0
995	0
996	0
997	0
998	0
999	0
1000	0
1001	0
1002	0
1003	0
1004	0
1005	0
1006	0
1007	0
1008	0
1009	0
1010	0
1011	0
1012	0
1013	0
1014	0
1015	0
1016	0
1017	0
1018	0
1019	0
1020	0
1021	0
1022	0
1023	0
