0	0
1	0
2	0
3	0
4	1
5	0
6	1
7	5
8	26
9	8
10	6
11	8
12	5
13	14
14	17
15	20
16	29
17	40
18	36
19	42
20	36
21	49
22	50
23	54
24	59
25	63
26	55
27	57
28	70
29	71
30	62
31	60
32	58
33	66
34	58
35	44
36	55
37	51
38	59
39	58
40	51
41	48
42	45
43	49
44	48
45	38
46	43
47	37
48	31
49	46
50	42
51	42
52	29
53	30
54	26
55	30
56	40
57	30
58	20
59	29
60	26
61	29
62	27
63	29
64	27
65	21
66	23
67	23
68	24
69	20
70	30
71	30
72	24
73	24
74	11
75	17
76	20
77	21
78	20
79	22
80	8
81	26
82	12
83	22
84	17
85	11
86	14
87	16
88	13
89	19
90	20
91	16
92	16
93	15
94	14
95	16
96	16
97	12
98	18
99	11
100	10
101	6
102	9
103	13
104	16
105	13
106	14
107	10
108	11
109	9
110	12
111	6
112	7
113	9
114	11
115	9
116	14
117	5
118	8
119	11
120	7
121	13
122	11
123	13
124	9
125	8
126	13
127	10
128	9
129	10
130	6
131	6
132	11
133	9
134	3
135	10
136	8
137	7
138	11
139	8
140	3
141	6
142	7
143	12
144	10
145	2
146	8
147	8
148	13
149	7
150	8
151	7
152	11
153	7
154	10
155	11
156	9
157	9
158	12
159	14
160	4
161	7
162	10
163	6
164	11
165	13
166	6
167	5
168	6
169	5
170	15
171	8
172	12
173	3
174	8
175	4
176	7
177	10
178	6
179	8
180	8
181	7
182	6
183	8
184	7
185	8
186	10
187	6
188	9
189	7
190	9
191	7
192	6
193	5
194	4
195	8
196	6
197	6
198	4
199	8
200	8
201	7
202	4
203	4
204	7
205	5
206	6
207	7
208	6
209	6
210	6
211	5
212	1
213	5
214	4
215	4
216	7
217	3
218	6
219	5
220	5
221	8
222	9
223	5
224	6
225	8
226	2
227	3
228	5
229	8
230	6
231	8
232	4
233	8
234	1
235	9
236	3
237	5
238	6
239	8
240	3
241	5
242	3
243	9
244	7
245	7
246	3
247	6
248	5
249	0
250	5
251	3
252	11
253	1
254	1
255	5
256	2
257	4
258	10
259	6
260	2
261	2
262	5
263	3
264	4
265	4
266	9
267	10
268	3
269	3
270	8
271	4
272	4
273	2
274	6
275	5
276	4
277	3
278	4
279	4
280	5
281	2
282	1
283	2
284	9
285	3
286	6
287	5
288	3
289	5
290	3
291	3
292	4
293	2
294	3
295	6
296	5
297	7
298	5
299	5
300	2
301	2
302	3
303	4
304	4
305	4
306	3
307	2
308	5
309	2
310	1
311	2
312	2
313	4
314	0
315	5
316	0
317	1
318	4
319	3
320	0
321	2
322	5
323	1
324	1
325	0
326	3
327	4
328	4
329	4
330	4
331	1
332	1
333	6
334	2
335	2
336	4
337	2
338	4
339	4
340	0
341	2
342	0
343	5
344	3
345	3
346	3
347	2
348	1
349	5
350	7
351	2
352	5
353	1
354	2
355	4
356	2
357	1
358	3
359	0
360	5
361	3
362	1
363	4
364	1
365	2
366	2
367	2
368	1
369	3
370	1
371	0
372	0
373	4
374	2
375	0
376	2
377	1
378	2
379	1
380	2
381	0
382	3
383	0
384	4
385	4
386	0
387	0
388	0
389	1
390	1
391	1
392	1
393	2
394	2
395	2
396	2
397	2
398	1
399	0
400	0
401	4
402	0
403	0
404	2
405	2
406	4
407	1
408	0
409	1
410	0
411	0
412	2
413	2
414	3
415	1
416	1
417	0
418	1
419	1
420	4
421	1
422	3
423	2
424	3
425	2
426	3
427	1
428	0
429	0
430	1
431	1
432	0
433	3
434	2
435	0
436	0
437	0
438	1
439	1
440	0
441	0
442	0
443	1
444	1
445	1
446	0
447	0
448	0
449	1
450	0
451	0
452	0
453	1
454	1
455	0
456	0
457	0
458	2
459	0
460	0
461	3
462	0
463	0
464	1
465	0
466	0
467	1
468	0
469	1
470	0
471	0
472	1
473	0
474	0
475	0
476	0
477	0
478	0
479	0
480	0
481	0
482	2
483	0
484	1
485	0
486	1
487	0
488	0
489	2
490	0
491	0
492	0
493	0
494	0
495	0
496	0
497	0
498	2
499	0
500	0
501	0
502	0
503	0
504	1
505	0
506	0
507	0
508	0
509	0
510	1
511	0
512	0
513	0
514	0
515	0
516	0
517	0
518	0
519	0
520	1
521	0
522	0
523	0
524	0
525	0
526	0
527	0
528	1
529	0
530	0
531	0
532	0
533	0
534	0
535	0
536	0
537	0
538	0
539	1
540	0
541	0
542	1
543	0
544	0
545	0
546	0
547	0
548	0
549	0
550	0
551	0
552	0
553	0
554	0
555	0
556	0
557	0
558	0
559	0
560	0
561	0
562	2
563	0
564	0
565	0
566	0
567	0
568	0
569	0
570	0
571	0
572	0
573	1
574	0
575	0
576	0
577	0
578	0
579	0
580	0
581	0
582	0
583	0
584	0
585	0
586	0
587	0
588	0
589	0
590	0
591	0
592	0
593	0
594	0
595	0
596	0
597	0
598	0
599	0
600	0
601	0
602	0
603	0
604	0
605	1
606	0
607	0
608	0
609	0
610	0
611	0
612	0
613	0
614	0
615	0
616	0
617	0
618	0
619	0
620	0
621	0
622	0
623	0
624	0
625	0
626	0
627	0
628	0
629	0
630	0
631	0
632	0
633	0
634	0
635	0
636	0
637	0
638	0
639	0
640	0
641	0
642	0
643	0
644	0
645	0
646	0
647	0
648	0
649	0
650	0
651	0
652	0
653	0
654	0
655	0
656	0
657	0
658	0
659	0
660	1
661	1
662	0
663	0
664	0
665	1
666	0
667	0
668	0
669	0
670	0
671	0
672	0
673	0
674	0
675	0
676	0
677	0
678	0
679	0
680	0
681	0
682	0
683	0
684	0
685	0
686	0
687	0
688	0
689	0
690	0
691	0
692	0
693	0
694	0
695	0
696	0
697	0
698	0
699	0
700	0
701	0
702	0
703	0
704	0
705	0
706	0
707	0
708	0
709	0
710	0
711	0
712	0
713	0
714	0
715	0
716	0
717	0
718	0
719	0
720	0
721	0
722	0
723	0
724	0
725	0
726	0
727	0
728	0
729	0
730	0
731	0
732	0
733	0
734	0
735	0
736	0
737	0
738	0
739	0
740	0
741	0
742	0
743	0
744	0
745	0
746	1
747	0
748	0
749	0
750	1
751	0
752	0
753	0
754	0
755	0
756	0
757	0
758	0
759	0
760	0
761	0
762	0
763	0
764	0
765	0
766	0
767	0
768	0
769	0
770	0
771	0
772	0
773	0
774	0
775	0
776	0
777	0
778	0
779	0
780	0
781	0
782	0
783	0
784	0
785	0
786	0
787	0
788	0
789	0
790	0
791	1
792	0
793	0
794	0
795	0
796	0
797	0
798	0
799	0
800	0
801	0
802	0
803	0
804	0
805	0
806	0
807	0
808	0
809	0
810	0
811	0
812	0
813	0
814	0
815	0
816	0
817	0
818	0
819	0
820	0
821	0
822	0
823	0
824	0
825	0
826	0
827	0
828	0
829	0
830	0
831	1
832	0
833	0
834	0
835	0
836	0
837	1
838	0
839	0
840	0
841	0
842	0
843	0
844	0
845	0
846	0
847	0
848	0
849	0
850	0
851	0
852	0
853	0
854	0
855	0
856	0
857	0
858	0
859	0
860	0
861	0
862	0
863	0
864	0
865	0
866	0
867	0
868	0
869	0
870	0
871	0
872	0
873	0
874	0
875	0
876	0
877	0
878	0
879	0
880	0
881	0
882	1
883	0
884	0
885	0
886	0
887	0
888	0
889	0
890	0
891	0
892	0
893	0
894	0
895	0
896	0
897	0
898	0
899	0
900	0
901	0
902	0
903	0
904	0
905	0
906	0
907	0
908	0
909	0
910	0
911	0
912	0
913	0
914	0
915	0
916	0
917	0
918	0
919	0
920	0
921	0
922	0
923	0
924	0
925	0
926	0
927	0
928	0
929	0
930	0
931	0
932	0
933	0
934	0
935	0
936	0
937	0
938	0
939	0
940	0
941	0
942	0
943	0
944	0
945	0
946	0
947	0
948	0
949	0
950	0
951	0
952	0
953	0
954	0
955	0
956	0
957	0
958	0
959	0
960	0
961	0
962	0
963	0
964	0
965	0
966	0
967	0
968	0
969	0
970	0
971	0
972	0
973	0
974	0
975	0
976	0
977	0
978	0
979	0
980	0
981	0
982	0
983	0
984	0
985	0
986	0
987	0
988	0
989	0
990	0
991	0
992	0
993	0
994	0
995	0
996	0
997	0
998	0
999	0
1000	0
1001	0
1002	0
1003	0
1004	0
1005	0
1006	0
1007	0
1008	0
1009	0
1010	0
1011	0
1012	0
1013	0
1014	0
1015	0
1016	0
1017	0
1018	0
1019	0
1020	0
1021	0
1022	0
1023	0
