0	0
1	0
2	0
3	0
4	0
5	0
6	0
7	3
8	5
9	1
10	3
11	1
12	2
13	0
14	5
15	4
16	3
17	5
18	5
19	2
20	3
21	3
22	9
23	6
24	4
25	8
26	10
27	8
28	9
29	8
30	14
31	11
32	8
33	10
34	16
35	16
36	16
37	11
38	16
39	15
40	16
41	17
42	14
43	11
44	15
45	12
46	10
47	16
48	15
49	14
50	26
51	6
52	14
53	11
54	18
55	11
56	14
57	15
58	12
59	14
60	8
61	18
62	16
63	13
64	13
65	14
66	10
67	21
68	16
69	25
70	4
71	14
72	19
73	17
74	15
75	18
76	15
77	12
78	13
79	16
80	13
81	20
82	16
83	19
84	19
85	13
86	13
87	15
88	20
89	19
90	17
91	15
92	20
93	19
94	12
95	14
96	19
97	20
98	17
99	17
100	12
101	19
102	16
103	21
104	23
105	16
106	17
107	11
108	18
109	18
110	26
111	21
112	16
113	18
114	23
115	16
116	23
117	25
118	21
119	28
120	15
121	22
122	17
123	26
124	25
125	19
126	23
127	22
128	20
129	19
130	23
131	26
132	21
133	25
134	26
135	27
136	21
137	24
138	22
139	21
140	14
141	30
142	23
143	30
144	22
145	22
146	30
147	24
148	28
149	30
150	25
151	24
152	34
153	27
154	36
155	30
156	31
157	26
158	25
159	20
160	26
161	31
162	24
163	21
164	23
165	31
166	21
167	26
168	22
169	33
170	31
171	29
172	34
173	29
174	31
175	28
176	38
177	28
178	28
179	31
180	31
181	37
182	33
183	20
184	29
185	36
186	34
187	39
188	33
189	31
190	23
191	30
192	32
193	32
194	25
195	30
196	35
197	32
198	33
199	32
200	32
201	37
202	31
203	29
204	42
205	37
206	28
207	32
208	31
209	27
210	29
211	31
212	26
213	34
214	48
215	35
216	35
217	46
218	25
219	32
220	35
221	34
222	30
223	21
224	40
225	42
226	39
227	42
228	32
229	34
230	26
231	33
232	32
233	26
234	30
235	36
236	31
237	29
238	22
239	34
240	24
241	31
242	29
243	24
244	43
245	35
246	30
247	23
248	33
249	25
250	20
251	28
252	37
253	44
254	25
255	31
256	22
257	16
258	29
259	26
260	42
261	31
262	27
263	29
264	19
265	28
266	36
267	34
268	34
269	30
270	31
271	24
272	20
273	34
274	24
275	27
276	27
277	22
278	23
279	29
280	27
281	30
282	27
283	27
284	19
285	27
286	25
287	26
288	22
289	18
290	28
291	24
292	24
293	21
294	28
295	21
296	10
297	16
298	16
299	19
300	17
301	26
302	27
303	20
304	31
305	27
306	14
307	18
308	14
309	23
310	30
311	17
312	18
313	20
314	22
315	31
316	17
317	17
318	19
319	18
320	10
321	11
322	19
323	11
324	25
325	17
326	16
327	14
328	14
329	20
330	11
331	17
332	16
333	18
334	20
335	21
336	17
337	18
338	12
339	13
340	14
341	13
342	15
343	10
344	17
345	11
346	8
347	10
348	13
349	7
350	11
351	19
352	7
353	13
354	15
355	7
356	11
357	10
358	9
359	9
360	8
361	12
362	14
363	9
364	13
365	3
366	6
367	6
368	9
369	7
370	2
371	8
372	7
373	8
374	8
375	5
376	6
377	9
378	8
379	6
380	6
381	12
382	9
383	9
384	13
385	6
386	7
387	4
388	8
389	10
390	4
391	2
392	8
393	7
394	4
395	3
396	9
397	5
398	4
399	9
400	9
401	4
402	5
403	3
404	3
405	5
406	7
407	5
408	5
409	10
410	5
411	5
412	2
413	4
414	1
415	3
416	7
417	6
418	3
419	8
420	2
421	5
422	5
423	4
424	1
425	4
426	5
427	5
428	2
429	5
430	3
431	0
432	3
433	3
434	5
435	0
436	4
437	1
438	5
439	3
440	2
441	4
442	3
443	1
444	0
445	1
446	0
447	2
448	2
449	1
450	3
451	3
452	0
453	1
454	1
455	2
456	0
457	4
458	1
459	0
460	2
461	0
462	1
463	0
464	1
465	0
466	2
467	0
468	0
469	3
470	2
471	3
472	1
473	2
474	1
475	0
476	0
477	0
478	1
479	2
480	1
481	2
482	1
483	1
484	0
485	1
486	0
487	2
488	1
489	2
490	0
491	1
492	0
493	0
494	1
495	0
496	2
497	0
498	3
499	1
500	1
501	0
502	1
503	1
504	2
505	0
506	3
507	1
508	2
509	0
510	0
511	0
512	0
513	1
514	0
515	1
516	1
517	0
518	1
519	1
520	1
521	1
522	0
523	1
524	0
525	0
526	2
527	1
528	0
529	1
530	2
531	0
532	0
533	0
534	1
535	0
536	0
537	0
538	0
539	0
540	0
541	0
542	0
543	0
544	0
545	0
546	1
547	1
548	0
549	0
550	0
551	0
552	0
553	0
554	0
555	0
556	2
557	0
558	0
559	0
560	0
561	0
562	0
563	0
564	1
565	0
566	0
567	0
568	0
569	2
570	0
571	1
572	0
573	0
574	0
575	0
576	1
577	0
578	0
579	0
580	1
581	0
582	0
583	0
584	1
585	0
586	1
587	0
588	0
589	0
590	0
591	0
592	0
593	0
594	0
595	0
596	0
597	0
598	0
599	0
600	0
601	0
602	0
603	0
604	1
605	0
606	0
607	0
608	0
609	0
610	0
611	0
612	0
613	0
614	0
615	0
616	0
617	0
618	0
619	0
620	0
621	1
622	0
623	0
624	0
625	0
626	0
627	0
628	0
629	0
630	0
631	0
632	0
633	0
634	0
635	0
636	0
637	0
638	0
639	0
640	0
641	0
642	0
643	0
644	0
645	0
646	0
647	0
648	0
649	0
650	0
651	0
652	0
653	0
654	0
655	0
656	0
657	0
658	0
659	1
660	0
661	0
662	0
663	0
664	0
665	0
666	0
667	0
668	0
669	0
670	0
671	0
672	0
673	0
674	0
675	1
676	1
677	0
678	0
679	0
680	1
681	0
682	0
683	0
684	0
685	0
686	0
687	0
688	0
689	0
690	0
691	0
692	0
693	0
694	0
695	0
696	1
697	0
698	0
699	0
700	0
701	0
702	0
703	0
704	0
705	1
706	0
707	0
708	0
709	0
710	0
711	0
712	0
713	0
714	0
715	0
716	0
717	1
718	0
719	0
720	1
721	0
722	0
723	0
724	0
725	0
726	0
727	0
728	0
729	0
730	0
731	0
732	0
733	0
734	0
735	0
736	0
737	0
738	0
739	0
740	0
741	0
742	0
743	0
744	0
745	0
746	0
747	0
748	0
749	0
750	0
751	0
752	0
753	0
754	0
755	0
756	0
757	1
758	0
759	0
760	0
761	0
762	0
763	0
764	0
765	0
766	0
767	0
768	0
769	0
770	0
771	0
772	0
773	0
774	0
775	0
776	0
777	0
778	0
779	0
780	0
781	0
782	0
783	0
784	0
785	0
786	0
787	0
788	0
789	0
790	0
791	0
792	0
793	0
794	0
795	0
796	0
797	0
798	0
799	0
800	0
801	0
802	0
803	0
804	0
805	0
806	0
807	0
808	0
809	0
810	0
811	0
812	0
813	0
814	0
815	0
816	0
817	0
818	0
819	0
820	0
821	0
822	0
823	0
824	0
825	0
826	0
827	0
828	0
829	0
830	0
831	0
832	1
833	0
834	0
835	0
836	0
837	0
838	0
839	0
840	0
841	0
842	0
843	0
844	0
845	0
846	0
847	1
848	0
849	0
850	0
851	0
852	0
853	0
854	0
855	0
856	0
857	0
858	0
859	0
860	0
861	0
862	0
863	0
864	0
865	0
866	0
867	0
868	0
869	0
870	0
871	0
872	0
873	0
874	0
875	0
876	0
877	1
878	0
879	0
880	0
881	0
882	0
883	0
884	0
885	0
886	0
887	1
888	0
889	0
890	0
891	0
892	0
893	0
894	0
895	0
896	0
897	0
898	0
899	0
900	0
901	0
902	0
903	0
904	0
905	0
906	0
907	0
908	0
909	0
910	1
911	0
912	0
913	0
914	0
915	0
916	0
917	0
918	0
919	0
920	0
921	0
922	0
923	0
924	0
925	0
926	0
927	0
928	0
929	0
930	0
931	0
932	0
933	0
934	0
935	0
936	0
937	0
938	0
939	0
940	0
941	0
942	0
943	0
944	0
945	0
946	0
947	0
948	0
949	0
950	0
951	0
952	0
953	0
954	0
955	0
956	0
957	0
958	0
959	0
960	0
961	0
962	0
963	0
964	0
965	0
966	0
967	0
968	0
969	0
970	0
971	0
972	0
973	0
974	0
975	0
976	0
977	0
978	0
979	0
980	0
981	0
982	0
983	0
984	0
985	0
986	0
987	0
988	0
989	0
990	0
991	0
992	0
993	0
994	0
995	0
996	0
997	0
998	0
999	0
1000	0
1001	0
1002	0
1003	0
1004	0
1005	0
1006	0
1007	0
1008	0
1009	0
1010	0
1011	0
1012	0
1013	0
1014	0
1015	0
1016	0
1017	0
1018	0
1019	0
1020	0
1021	0
1022	0
1023	0
