Vernier Format 2
Bandlücke-Si_try.txt 20.10.2014 18:23:37 ,
Latest
Time	Winkel	Pyro	Sample	Wellenlänge	Energie
t	Pot	Pot	Pot	Lambda	E
s	°	V	V	nm	eV

0	-83,527924484	0,328449	0,00854701	-1641,22040587	-0,754926026737
0,5	-83,266577945	0,316239	0,00732601	-1640,354087	-0,755324725202
1	-83,005765857	0,302808	0,015873	-1639,45551524	-0,755738712324
1,5	-82,48360723	0,289377	0,020757	-1637,5544625	-0,756616056671
2	-82,15759212	0,271062	0,013431	-1636,29854338	-0,757196787234
2,5	-81,961448603	0,255189	0,00732601	-1635,51740553	-0,757558431239
3	-81,374086954	0,242979	0,00732601	-1633,06364885	-0,758696699221
3,5	-81,178477888	0,23199	0,018315	-1632,20836678	-0,759094258565
4	-80,591116239	0,216117	0,014652	-1629,52589724	-0,760343853447
4,5	-80,330304151	0,197802	0,018315	-1628,27985314	-0,760925707956
5	-80,068957612	0,18315	0,01221	-1626,99741242	-0,761525488942
5,5	-79,612536458	0,174603	0,00610501	-1624,67656484	-0,762613326746
6	-79,220783875	0,166056	0,00732601	-1622,60232195	-0,763588208421
6,5	-79,025174809	0,157509	0,00732601	-1621,53821501	-0,76408930023
7	-78,43781316	0,148962	0,00732601	-1618,22945744	-0,765651616526
7,5	-78,242204094	0,141636	0,017094	-1617,08977601	-0,766191227218
8	-77,654842445	0,130647	0,01221	-1613,5544036	-0,76786998767
8,5	-77,458698928	0,118437	0,015873	-1612,33601497	-0,768450241451
9	-76,87187173	0,111111	0,00732601	-1608,57803347	-0,770245505174
9,5	-76,675728213	0,105006	0,00732601	-1607,28430486	-0,770865487989
10	-76,349713103	0,103785	0,02442	-1605,09230002	-0,771918225505
10,5	-75,827554476	0,0964591	0,010989	-1601,47325843	-0,773662621888
11	-75,566742388	0,0866911	0,01221	-1599,61576076	-0,774561010459
11,5	-75,044583761	0,0842491	0,00732601	-1595,79739191	-0,776414353279
12	-74,7180342	0,0805861	0,00732601	-1593,34206443	-0,777610801636
12,5	-74,195875573	0,0769231	0,015873	-1589,30843951	-0,779584358326
13	-73,935063485	0,0793651	0,01221	-1587,24423856	-0,780598202785
13,5	-73,674251397	0,0695971	0,015873	-1585,14714842	-0,78163090489
14	-73,086889748	0,0708181	0,019536	-1580,30418841	-0,784026271075
14,5	-72,890746231	0,0683761	0,00732601	-1578,64991552	-0,784847855006
15	-72,303919033	0,0671551	0,00732601	-1573,59022198	-0,787371440603
15,5	-72,107775516	0,0708181	0,00610501	-1571,86221546	-0,788237027273
16	-71,781760406	0,0732601	0,00732601	-1568,94930721	-0,789700466616
16,5	-71,259601779	0,0781441	0,021978	-1564,1780861	-0,792109294341
17	-70,998789691	0,0744811	0,015873	-1561,74624232	-0,793342712425
17,5	-70,541834086	0,0744811	0,015873	-1557,40754569	-0,79555284256
18	-70,215284525	0,0793651	0,015873	-1554,24632069	-0,797170939707
18,5	-69,758863371	0,0830281	0,00610501	-1549,74327525	-0,79948725688
19	-69,43231381	0,0866911	0,00854701	-1546,46117452	-0,801184032559
19,5	-69,171501722	0,0964591	0,00732601	-1543,80370365	-0,802563173716
20	-68,584140073	0,102564	0,00610501	-1537,70189346	-0,805747853515
20,5	-68,322793534	0,108669	0,015873	-1534,93490661	-0,807200354014
21	-67,801169358	0,118437	0,010989	-1529,31682657	-0,810165675598
21,5	-67,605025841	0,126984	0,021978	-1527,17147224	-0,811303787769
22	-67,279010731	0,130647	0,01221	-1523,56604073	-0,813223691577
22,5	-66,756852104	0,142857	0,00732601	-1517,68871777	-0,816372939651
23	-66,496040016	0,156288	0,00854701	-1514,70582935	-0,817980611148
23,5	-65,973881389	0,172161	0,00732601	-1508,63968349	-0,821269660051
24	-65,71253485	0,181929	0,014652	-1505,5564235	-0,822951555092
24,5	-65,516925784	0,192918	0,025641	-1503,22820719	-0,824226151475
25	-64,929564135	0,206349	0,00976801	-1496,1320137	-0,828135477791
25,5	-64,668752047	0,217338	0,020757	-1492,93056631	-0,829911335434
26	-64,081390398	0,234432	0,010989	-1485,60757159	-0,834002211416
26,5	-63,885781332	0,2442	0,013431	-1483,13410151	-0,835393103522
27	-63,298419683	0,264957	0,013431	-1475,60316412	-0,839656643553
27,5	-63,102276166	0,278388	0,00854701	-1473,05370496	-0,841109863018
28	-62,711058034	0,294261	0,00732601	-1467,91715534	-0,844053082625
28,5	-62,319305451	0,307692	0,00854701	-1462,70501112	-0,847060747436
29	-61,993290341	0,32967	0,00854701	-1458,31534106	-0,849610482117
29,5	-61,471131714	0,339438	0,00976801	-1451,18636283	-0,853784208379
30	-61,210319626	0,357753	0,01221	-1447,58034924	-0,855911038476
30,5	-60,688160999	0,3663	0,00976801	-1440,27086893	-0,860254849786
31	-60,42681446	0,377289	0,00732601	-1436,56743122	-0,862472566949
31,5	-60,166002372	0,393162	0,00732601	-1432,84176943	-0,864715160064
32	-59,578640723	0,400488	0,018315	-1424,34279403	-0,869874868038
32,5	-59,383031657	0,407814	0,01221	-1421,47911011	-0,871627300876
33	-58,795670008	0,409035	0,013431	-1412,78080185	-0,876993797183
33,5	-58,600060942	0,407814	0,00732601	-1409,85100277	-0,878816270345
34	-58,012699293	0,416361	0,00610501	-1400,95498597	-0,884396723955
34,5	-57,751352754	0,420024	0,010989	-1396,9493193	-0,88693267743
35	-57,229194127	0,426129	0,00732601	-1388,85921511	-0,892099059803
35,5	-56,968382039	0,434676	0,00610501	-1384,77506398	-0,894730149486
36	-56,642366929	0,449328	0,01221	-1379,62953433	-0,898067176129
36,5	-56,120208302	0,462759	0,00732601	-1371,29525954	-0,90352532861
37	-55,858861763	0,472527	0,00610501	-1367,08104602	-0,9063105685
37,5	-55,337237587	0,487179	0,010989	-1358,58490296	-0,911978336647
38	-55,075891048	0,500611	0,00854701	-1354,28574002	-0,914873400335
38,5	-54,553732421	0,517705	0,00732601	-1345,61190799	-0,920770686293
39	-54,227717311	0,543346	0,00732601	-1340,13959418	-0,924530552922
39,5	-53,770761706	0,586081	0,00732601	-1332,39639541	-0,929903446352
40	-53,444746596	0,615385	0,00610501	-1326,8201779	-0,933811544804
40,5	-52,987790991	0,639805	0,00732601	-1318,93207018	-0,939396370754
41	-52,66124143	0,663004	0,00732601	-1313,24364534	-0,943465444811
41,5	-52,270023298	0,68254	0,00610501	-1306,37255795	-0,948427760871
42	-51,878270715	0,702076	0,00854701	-1299,43105339	-0,953494221001
42,5	-51,617458627	0,724054	0,00732601	-1294,77599255	-0,956922283954
43	-51,0953	0,738706	0,00610501	-1285,37580476	-0,963920431216
43,5	-50,834487912	0,754579	0,010989	-1280,64049411	-0,96748463421
44	-50,312329285	0,777778	0,026862	-1271,08052413	-0,974761218095
44,5	-50,050982746	0,798535	0,017094	-1266,25595484	-0,978475161568
45	-49,464155548	0,81685	0,014652	-1255,32703237	-0,986993801655
45,5	-49,202809009	0,835165	0,018315	-1250,41732949	-0,990869184853
46	-48,941996921	0,849817	0,014652	-1245,49173047	-0,994787817285
46,5	-48,485041316	0,864469	0,014652	-1236,79968176	-1,00177904172
47	-48,159026206	0,888889	0,00732601	-1230,5502201	-1,00686666806
47,5	-47,636867579	0,913309	0,029304	-1220,45791532	-1,01519272762
48	-47,37552104	0,927961	0,00610501	-1215,36848223	-1,01944391196
48,5	-46,853362413	0,948718	0,01221	-1205,12439847	-1,02810963049
49	-46,527347303	0,971917	0,00976801	-1198,67759034	-1,03363907859
49,5	-46,005188676	0,991453	0,017094	-1188,27136029	-1,04269112377
50	-45,744376588	1,01343	0,021978	-1183,03655836	-1,04730491314
50,5	-45,222217961	1,0293	0,01221	-1172,48267034	-1,05673203651
51	-44,961405873	1,05006	0,014652	-1167,1746053	-1,06153783193
51,5	-44,439247246	1,06716	0,019536	-1156,47503014	-1,07135905896
52	-44,112697685	1,08791	0,00854701	-1149,73481577	-1,07763980268
52,5	-43,917088619	1,10379	0,014652	-1145,67940597	-1,08145436982
53	-43,32972697	1,12088	0,017094	-1133,42203783	-1,09314973473
53,5	-43,134117904	1,14164	0,00854701	-1129,31346313	-1,09712674155
54	-42,546756255	1,15629	0,013431	-1116,89760386	-1,10932282039
54,5	-42,285944167	1,1746	0,02442	-1111,34675619	-1,1148635591
55	-42,024597628	1,19414	0,00976801	-1105,76143493	-1,12049485618
55,5	-41,502439001	1,21368	0,00610501	-1094,53342892	-1,1319891812
56	-41,241626913	1,23077	0,00854701	-1088,89107082	-1,13785486281
56,5	-40,719468286	1,25397	0,00854701	-1077,52710607	-1,14985506446
57	-40,393453176	1,26984	0,014652	-1070,3864567	-1,15752585643
57,5	-39,936497571	1,28083	0,015873	-1060,31956503	-1,16851564459
58	-39,60994801	1,29548	0,00610501	-1053,08420756	-1,17654408936
58,5	-39,088323834	1,30647	0,00854701	-1041,45571748	-1,18968092373
59	-38,761774273	1,32479	0,00732601	-1034,13200173	-1,19810623588
59,5	-38,304818668	1,337	0,01221	-1023,8272559	-1,2101650868
60	-38,04400658	1,34554	0,025641	-1017,91648275	-1,217192197
60,5	-37,717457019	1,35165	0,01221	-1010,48618206	-1,22614244707
61	-37,195832843	1,36264	0,013431	-998,549166412	-1,2408001946
61,5	-36,999689326	1,36752	0,021978	-994,03908994	-1,24642985627
62	-36,412327677	1,37241	0,010989	-980,463974729	-1,26368742956
62,5	-36,216718611	1,37607	0,014652	-975,920111923	-1,26957113073
63	-35,629356962	1,38095	0,025641	-962,207963664	-1,28766342287
63,5	-35,368544874	1,38217	0,014652	-956,086715638	-1,29590755706
64	-34,846386247	1,38339	0,015873	-943,772269197	-1,31281670424
64,5	-34,585574159	1,38217	0,013431	-937,59193034	-1,32147041789
65	-34,063415532	1,37363	0,00732601	-925,160334024	-1,33922732572
65,5	-33,802068993	1,36508	0,00732601	-918,909255512	-1,34833770861
66	-33,280444817	1,35897	0,00732601	-906,375633749	-1,36698290848
66,5	-33,019098278	1,35165	0,00732601	-900,067667532	-1,37656316819
67	-32,431736629	1,33944	0,00610501	-885,822729843	-1,39869971526
67,5	-32,170924541	1,32723	0,00854701	-879,467472293	-1,40880707818
68	-31,910112453	1,31624	0,01221	-873,093991353	-1,41909120011
68,5	-31,453156848	1,30647	0,00976801	-861,883803616	-1,43754876794
69	-31,126607287	1,29792	0,018315	-853,839152576	-1,45109297959
69,5	-30,604983111	1,2906	0,026862	-840,931349051	-1,47336640666
70	-30,27843355	1,28327	0,01221	-832,815204026	-1,48772500071
70,5	-30,082824484	1,27839	0,013431	-827,940514343	-1,49648432289
71	-29,495462835	1,27473	0,014652	-813,245362113	-1,52352544229
71,5	-29,299853769	1,27228	0,00732601	-808,332388271	-1,53278529721
72	-28,71249212	1,27106	0,00610501	-793,523654181	-1,56139012803
72,5	-28,451145581	1,26862	0,00854701	-786,907608263	-1,57451775404
73	-27,928986954	1,27595	0,010989	-773,640150245	-1,60151977584
73,5	-27,668174866	1,28449	0,00732601	-766,989079953	-1,61540761451
74	-27,080813217	1,29426	0,017094	-751,952556313	-1,64771033704
74,5	-26,885204151	1,2967	0,02442	-746,927323555	-1,65879592422
75	-26,297842502	1,28327	0,01221	-731,78581231	-1,69311836764
75,5	-26,037030414	1,25031	0,015873	-725,037624562	-1,70887683346
76	-25,514871787	1,14896	0,020757	-711,482414103	-1,74143446899
76,5	-25,253525248	0,929182	0,00854701	-704,675611787	-1,75825582619
77	-24,927510138	0,614164	0,01221	-696,16397298	-1,77975311577
77,5	-24,470554533	0,312576	0,018315	-684,195851111	-1,81088499439
78	-24,144539423	0,123321	0,00976801	-675,630546236	-1,83384248522
78,5	-23,687583818	0,047619	0,014652	-663,588323214	-1,86712146169
79	-23,42677173	0,031746	0,023199	-656,696131439	-1,88671737305
79,5	-22,904613103	0,02442	0,014652	-642,85687636	-1,92733413231
80	-22,578063542	0,020757	0,020757	-634,174821053	-1,95371995051
80,5	-22,121642388	0,02442	0,026862	-622,005381954	-1,99194417918
81	-21,795092827	0,020757	0,018315	-613,274408411	-2,02030279269
81,5	-21,534280739	0,019536	0,020757	-606,286738521	-2,04358749957
82	-21,012122112	0,020757	0,013431	-592,259472469	-2,09198849085
82,5	-20,750775573	0,018315	0,019536	-585,220116616	-2,11715210196
83	-20,229151397	0,015873	0,023199	-571,13393757	-2,1693685465
83,5	-19,902601836	0,019536	0,017094	-562,291475713	-2,2034835197
84	-19,380443209	0,019536	0,017094	-548,114386423	-2,2604770659
84,5	-19,119631121	0,019536	0,023199	-541,015975768	-2,2901356993
85	-18,597472494	0,018315	0,014652	-526,771067877	-2,3520653953
85,5	-18,336660406	0,020757	0,019536	-519,639446114	-2,38434554818
86	-17,814501779	0,023199	0,02442	-505,329379727	-2,45186614851
86,5	-17,553689691	0,02442	0,010989	-498,165878618	-2,48712337231
87	-17,292343152	0,021978	0,018315	-490,977344091	-2,52353803065
87,5	-16,770184525	0,025641	0,021978	-476,58453119	-2,59974866768
88	-16,509372437	0,029304	0,015873	-469,380592786	-2,63964897365
88,5	-15,922010788	0,023199	0,021978	-453,121582128	-2,73436545261
89	-15,595995678	0,028083	0,025641	-444,0763574	-2,7900607167
89,5	-15,139040073	0,030525	0,018315	-431,374081439	-2,87221706939
90	-14,877693534	0,029304	0,018315	-424,096885182	-2,92150223992
90,5	-14,356069358	0,034188	0,025641	-409,546025646	-3,02530099772
91	-14,029519797	0,034188	0,00732601	-400,419476528	-3,09425508156
91,5	-13,572564192	0,032967	0,00854701	-387,626513846	-3,1963757786
92	-13,246549082	0,035409	0,014652	-378,484253106	-3,27358401263
92,5	-13,050940016	0,03663	0,00732601	-372,992995796	-3,32177819413
93	-12,463578367	0,039072	0,013431	-356,478351265	-3,475666883
93,5	-12,202231828	0,039072	0,026862	-349,118014715	-3,54894318762
94	-11,614870179	0,037851	0,013431	-332,549797882	-3,72575778993
94,5	-11,419261113	0,037851	0,023199	-327,024240819	-3,78870996504
95	-10,831899464	0,045177	0,028083	-310,409824754	-3,99149737281
95,5	-10,571087376	0,046398	0,013431	-303,021796486	-4,08881477955
96	-10,048928749	0,046398	0,023199	-288,211885474	-4,29892055965
96,5	-9,788116661	0,0512821	0,026862	-280,805468216	-4,41230723844
97	-9,526770122	0,0561661	0,015873	-273,378037528	-4,53218558157
97,5	-9,004611495	0,0549451	0,019536	-258,521484646	-4,79263842113
98	-8,743799407	0,0573871	0,02442	-251,092693533	-4,93443270916
98,5	-8,22164078	0,0634921	0,00976801	-236,2044077	-5,24545672989
99	-7,960828692	0,0659341	0,01221	-228,76046031	-5,41614577241
99,5	-7,373467043	0,0708181	0,00854701	-211,979202754	-5,84491300987
100	-7,112654955	0,0720391	0,00732601	-204,520405558	-6,05807521562
100,5	-6,851308416	0,0781441	0,00854701	-197,042073157	-6,2879971782
101	-6,263946767	0,0854701	0,00732601	-180,220217354	-6,87492234883
101,5	-6,068337701	0,0927961	0,00610501	-174,613742995	-7,09566142247
102	-5,480976052	0,101343	0,00976801	-157,767033187	-7,85335171088
102,5	-5,285366986	0,117216	0,00732601	-152,152805337	-8,14312951546
103	-4,698005337	0,123321	0,00732601	-135,284387491	-9,15848475184
103,5	-4,436658798	0,135531	0,01221	-127,774109958	-9,69680008267
104	-3,915034622	0,140415	0,00854701	-112,776478692	-10,9863334479
104,5	-3,653688083	0,151404	0,01221	-105,258704044	-11,7709980496
105	-3,066326434	0,166056	0,018315	-88,3551738906	-14,0229478981
105,5	-2,870717368	0,181929	0,015873	-82,7236420444	-14,9775804036
106	-2,283355719	0,19536	0,017094	-65,8081288395	-18,8274613159
106,5	-2,022543631	0,212454	0,023199	-58,2946408516	-21,2540978364
107	-1,761197092	0,238095	0,01221	-50,7645448435	-24,4067981663
107,5	-1,239572916	0,274725	0,018315	-35,7321484639	-34,6746572278
108	-0,978226377	0,357753	0,014652	-28,1993566584	-43,9371725749
108,5	-0,45606775	2,09524	0,00732601	-13,147576537	-94,237899777
109	-0,13005264	4,99512	0,010989	-3,74920968718	-330,469646506
109,5	0,326902965	4,9939	0,00732601	9,42404680084	131,472182406
110	0,652918075	4,99512	0,00610501	18,8221930225	65,8265484006
110,5	1,175076702	4,99267	0,010989	33,8732370041	36,5775494043
111	1,436423241	4,9939	0,00732601	41,4054834036	29,9235728737
111,5	1,958047417	3,12332	0,018315	56,4364383041	21,9539013664
112	2,219393956	0,407814	0,030525	63,9656353153	19,3697755661
112,5	2,741552583	0,271062	0,017094	79,0044903734	15,6826528992
113	3,067567693	0,233211	0,019536	88,3909061811	14,0172790792
113,5	3,263176759	0,20757	0,02442	94,021401456	13,1778507958
114	3,850538408	0,184371	0,014652	110,921422226	11,1700695424
114,5	4,111884947	0,162393	0,020757	118,437444048	10,4612186624
115	4,633509123	0,150183	0,021978	133,431224725	9,28568258708
115,5	4,894855662	0,141636	0,01221	140,939396687	8,79101251407
116	5,482217311	0,129426	0,019536	157,80265309	7,85157901811
116,5	5,677826377	0,120879	0,026862	163,415030203	7,58192192275
117	6,004375938	0,10989	0,01221	172,780049982	7,17096678771
117,5	6,526000114	0,100122	0,02442	187,72778939	6,59998183553
118	6,787346653	0,0903541	0,018315	195,211201073	6,34697186017
118,5	7,30950528	0,0866911	0,010989	210,150402	5,89577744419
119	7,570317368	0,0781441	0,01221	217,605898285	5,69377948744
119,5	8,092475995	0,0757021	0,014652	232,518463435	5,32860909924
120	8,353288083	0,0647131	0,00732601	239,959959616	5,16336142906
120,5	8,87544671	0,0598291	0,00976801	254,843104206	4,86181489533
121	9,201996271	0,0573871	0,00732601	264,140103249	4,69069249524
121,5	9,723620447	0,0525031	0,00610501	278,973032212	4,44128950449
122	9,984966986	0,0549451	0,013431	286,396076651	4,32617658206
122,5	10,245779074	0,04884	0,010989	293,798000669	4,21718322514
123	10,767937701	0,046398	0,017094	308,598568245	4,01492465453
123,5	11,028749789	0,042735	0,023199	315,981756076	3,92111245721
124	11,616111438	0,03663	0,010989	332,584848609	3,72536513669
124,5	11,812254955	0,032967	0,01221	338,121585948	3,66436232258
125	12,138270065	0,029304	0,00732601	347,315538995	3,56736126344
125,5	12,660428692	0,030525	0,00610501	362,017383696	3,42248758154
126	12,92124078	0,030525	0,00732601	369,349598628	3,35454540794
126,5	13,443399407	0,030525	0,00732601	384,005902146	3,22651290794
127	13,704211495	0,025641	0,00854701	391,314685653	3,16624968453
127,5	14,226370122	0,028083	0,020757	405,922711059	3,05230519565
128	14,552919683	0,02442	0,014652	415,041276247	2,98524525369
128,5	15,07507831	0,025641	0,017094	429,593889377	2,88411923595
129	15,335890398	0,023199	0,028083	436,849462307	2,8362172943
129,5	15,858049025	0,018315	0,013431	451,348123241	2,74510945366
130	16,184064135	0,018315	0,015873	460,381578812	2,6912458209
130,5	16,510613696	0,017094	0,018315	469,414900981	2,63945604925
131	16,901831828	0,01221	0,00976801	480,217044444	2,58008334842
131,5	17,163178367	0,00976801	0,013431	487,420787591	2,54195149559
132	17,750540016	0,00976801	0,010989	503,573560413	2,46041511588
132,5	18,011352104	0,00976801	0,00610501	510,72917224	2,42594327355
133	18,533510731	0,01221	0,00732601	525,023107824	2,3598961294
133,5	18,794322819	0,01221	0,00732601	532,146504911	2,32830618742
134	19,316481446	0,010989	0,00610501	546,374612045	2,26767491147
134,5	19,577293534	0,013431	0,010989	553,464464164	2,23862610921
135	20,099452161	0,010989	0,00854701	567,624085881	2,18278263875
135,5	20,3607987	0,010989	0,00976801	574,693513825	2,15593176222
136	20,68681381	0,014652	0,021978	583,495449496	2,1234098759
136,5	21,208972437	0,01221	0,00976801	597,553497745	2,07345451859
137	21,469784525	0,01221	0,015873	604,556814766	2,04943517257
137,5	21,991943152	0,00976801	0,020757	618,540009313	2,00310405365
138	22,253289691	0,00854701	0,00732601	625,519544513	1,98075345666
138,5	22,774913867	0,00854701	0,00976801	639,411014279	1,93772076541
139	23,101463428	0,00976801	0,00854701	648,08051541	1,91179949179
139,5	23,558419033	0,00976801	0,00610501	660,176738427	1,87677015545
140	23,884434143	0,010989	0,00854701	668,781170634	1,85262392903
140,5	24,210983704	0,013431	0,00732601	677,378002292	1,82911165672
141	24,667404858	0,014652	0,00732601	689,356937185	1,79732723814
141,5	24,928751397	0,017094	0,015873	696,196422828	1,77967016114
142	25,450375573	0,032967	0,015873	709,803972729	1,74555236037
142,5	25,711722112	0,103785	0,021978	716,599638289	1,72899891906
143	26,299083761	0,313797	0,015873	731,817892196	1,69304414829
143,5	26,494692827	0,647131	0,00732601	736,869035423	1,68143854666
144	27,082054476	1,05128	0,00732601	751,984416562	1,64764052647
144,5	27,342866564	1,37363	0,00732601	758,671008783	1,63311894834
145	27,604213103	1,57021	0,00732601	765,355534214	1,61885547907
145,5	28,191574752	1,67277	0,00732601	780,320308657	1,58780950112
146	28,45238684	1,72527	0,00732601	786,939069816	1,57445480536
146,5	28,909342445	1,74725	0,00732601	798,496070378	1,55166699745
147	29,235357555	1,77411	0,020757	806,71041454	1,53586711869
147,5	29,757516182	1,77778	0,013431	819,812304297	1,51132154702
148	30,01832827	1,78877	0,019536	826,331113586	1,49939894508
148,5	30,540486897	1,79121	0,02442	839,33050033	1,47617654727
149	30,801833436	1,79243	0,00976801	845,810737076	1,46486671981
149,5	31,323457612	1,79243	0,017094	858,691959187	1,44289228139
150	31,650007173	1,79243	0,010989	866,719764752	1,4295278017
150,5	32,041759756	1,79731	0,00610501	876,313334044	1,41387783555
151	32,432977888	1,80342	0,00854701	885,852932055	1,39865202808
151,5	32,694324427	1,8083	0,00732601	892,202713197	1,38869786168
152	33,215948603	1,81563	0,00610501	904,820674549	1,36933210619
152,5	33,477295142	1,81319	0,013431	911,114448797	1,35987306714
153	33,999453769	1,81807	0,01221	923,632223604	1,34144302065
153,5	34,260265857	1,82418	0,01221	929,856042235	1,33246432106
154	34,847627506	1,8254	0,028083	943,801636061	1,31277585529
154,5	35,108439594	1,82173	0,013431	949,962325695	1,30426224966
155	35,369786133	1,81929	0,018315	956,11589495	1,29586800778
155,5	35,891410309	1,81197	0,015873	968,338263371	1,27951155796
156	36,152756848	1,80952	0,00732601	974,431854164	1,27151015713
156,5	36,674915475	1,79853	0,013431	986,545730205	1,25589717949
157	37,066133607	1,79609	0,00732601	995,568201008	1,24451544228
157,5	37,45788619	1,79121	0,00610501	1004,55648685	1,2333801197
158	38,045247839	1,78266	0,00854701	1017,9446634	1,21715850041
158,5	38,240856905	1,77289	0,00732601	1022,3796519	1,21187857925
159	38,763015532	1,76435	0,00610501	1034,15990392	1,19807391034
159,5	39,089030642	1,74969	0,014652	1041,47153287	1,18966285769
160	39,350377181	1,73626	0,00976801	1047,30848389	1,18303252485
160,5	39,872535808	1,71795	0,018315	1058,90506952	1,17007655895
161	40,198550918	1,70574	0,028083	1066,10098134	1,16217883829
161,5	40,655506523	1,68254	0,013431	1076,12890683	1,15134905506
162	40,981521633	1,66667	0,015873	1083,24153235	1,14378923167
162,5	41,242868172	1,64469	0,00854701	1088,9179775	1,13782674691
163	41,764492348	1,62515	0,00610501	1100,17979807	1,12617955918
163,5	42,025838887	1,60317	0,00732601	1105,78801674	1,12046792083
164	42,547997514	1,58364	0,00732601	1116,92396626	1,1092966374
164,5	42,808809602	1,558	0,00610501	1122,45156034	1,10383382569
165	43,330968229	1,53358	0,01221	1133,44806712	1,09312463089
165,5	43,591780317	1,50672	0,00976801	1138,90549653	1,08788657511
166	44,179141966	1,47985	0,013431	1151,10930637	1,07635303889
166,5	44,374751032	1,45055	0,023199	1155,1467527	1,0725909908
167	44,962112681	1,42857	0,010989	1167,18902304	1,06152471926
167,5	45,22345922	1,40049	0,01221	1172,50787453	1,05670932104
168	45,484271308	1,37607	0,00732601	1177,79152873	1,05196884998
168,5	46,006429935	1,35653	0,00732601	1188,29621501	1,04266931456
169	46,267242023	1,33455	0,028083	1193,5062774	1,03811770701
169,5	46,78940065	1,31136	0,010989	1203,86265222	1,02918717323
170	47,050747189	1,28327	0,00854701	1209,00864772	1,02480656555
170,5	47,572371365	1,25397	0,00732601	1219,20427925	1,0162365906
171	47,898920926	1,23199	0,00610501	1225,53561672	1,01098652956
171,5	48,159733014	1,20757	0,00854701	1230,56381224	1,00685554676
172	48,681891641	1,18559	0,00732601	1240,55377692	0,998747513448
172,5	48,942703729	1,15751	0,013431	1245,5051139	0,994777127907
173	49,464862356	1,13553	0,02442	1255,34027522	0,986983389646
173,5	49,726208895	1,11111	0,014652	1260,22378906	0,983158714155
174	50,313570544	1,08181	0,015873	1271,10337529	0,974743694408
174,5	50,50917961	1,05983	0,01221	1274,69700941	0,971995690626
175	51,096541259	1,03297	0,00610501	1285,39827749	0,963903578915
175,5	51,292150325	1,01343	0,00732601	1288,93219193	0,961260807789
176	51,618699886	0,991453	0,00732601	1294,79821057	0,956905863699
176,5	52,140324062	0,97558	0,010989	1304,08115054	0,950094247962
177	52,401670601	0,948718	0,019536	1308,69153623	0,946747163635
177,5	52,923829228	0,923077	0,00732601	1317,82123788	0,940188217027
178	53,184641316	0,899878	0,00732601	1322,3404759	0,936975024646
178,5	53,445453404	0,880342	0,00610501	1326,83231379	0,93380300368
179	53,967612031	0,862027	0,00976801	1335,74248077	0,927574003101
179,5	54,22895857	0,844933	0,00976801	1340,16051168	0,924516122659
180	54,815785768	0,821734	0,010989	1349,97901894	0,91779204167
180,5	55,077132307	0,797314	0,019536	1354,30622546	0,914859561824
181	55,599290934	0,766789	0,017094	1362,86731143	0,909112713767
181,5	55,8601564671	0,722833	0,013431	1367,1019933	0,906296681647
182	56,3822082039	0,681319	0,00976801	1375,4913703	0,900769010081
182,5	56,6432340723	0,643468	0,00732601	1379,64327986	0,898058228591
183	57,2305422762	0,628816	0,00610501	1388,88025158	0,892085547758
183,5	57,4915681446	0,614164	0,00732601	1392,93878739	0,889486322883
184	58,0136198814	0,599512	0,00610501	1400,96904439	0,884387849227
184,5	58,2746457498	0,582418	0,00976801	1404,9405989	0,881887818582
185	58,5356716182	0,568987	0,014652	1408,88299398	0,879420083354
185,5	59,057723355	0,551893	0,020757	1416,67997915	0,874580016822
186	59,3840056905	0,542125	0,017094	1421,49341087	0,871618531977
186,5	59,9060574273	0,537241	0,00854701	1429,09895265	0,866979853079
187	60,1670832957	0,53602	0,00610501	1432,85727159	0,864705804667
187,5	60,6891350325	0,540904	0,00854701	1440,28461557	0,860246639178
188	60,9501609009	0,54823	0,00610501	1443,95348645	0,858060880511
188,5	61,2111867693	0,551893	0,015873	1447,59238819	0,855903920265
189	61,7332385061	0,54823	0,021978	1454,77998278	0,85167517746
189,5	61,9942643745	0,544567	0,013431	1458,32852645	0,849602800418
190	62,5163161113	0,53602	0,017094	1465,33473828	0,845540590578
190,5	62,8425984468	0,529915	0,00610501	1469,65188128	0,843056791735
191	63,3646501836	0,517705	0,00732601	1476,46011936	0,839169296719
191,5	63,625676052	0,495726	0,00732601	1479,81830785	0,837264948964
192	64,1477277888	0,474969	0,00854701	1486,44247523	0,833533769819
192,5	64,4087536572	0,459096	0,00854701	1489,70831664	0,831706439549
193	64,930805394	0,445665	0,00854701	1496,14717598	0,828127085283
193,5	65,1918312624	0,422466	0,017094	1499,32006028	0,826374589941
194	65,7138829992	0,407814	0,017094	1505,57240885	0,822942817441
194,5	66,0401653347	0,385836	0,00976801	1509,41668698	0,820846894491
195	66,3011912031	0,3663	0,00732601	1512,45687165	0,819196912802
195,5	66,8232429399	0,349206	0,017094	1518,44300577	0,815967405621
196	67,0842688083	0,328449	0,00732601	1521,38883098	0,814387469378
196,5	67,6063205451	0,312576	0,00732601	1527,185692	0,811296233648
197	67,8673464135	0,294261	0,017094	1530,0366075	0,809784546284
197,5	68,3893981503	0,272283	0,00732601	1535,64311262	0,806828090343
198	68,6504240187	0,258852	0,00732601	1538,39858587	0,805382955612
198,5	68,9114498871	0,250305	0,018315	1541,12212979	0,803959644762
199	69,4335016239	0,227106	0,017094	1546,47320416	0,801177800347
199,5	69,7597839594	0,210012	0,010989	1549,75245684	0,799482520277
200	70,2818356962	0,192918	0,00732601	1554,89468139	0,796838535
200,5	70,4776050975	0,174603	0,00732601	1556,78975815	0,795868545197
201	70,9996568343	0,162393	0,00732601	1561,75438131	0,793338577964
201,5	71,3259391698	0,151404	0,00610501	1564,79145573	0,791798801984
202	71,8479909066	0,136752	0,00732601	1569,54518389	0,789400657414
202,5	72,109016775	0,125763	0,00854701	1571,87320878	0,788231514525
203	72,6310685118	0,112332	0,00610501	1576,43133862	0,785952403789
203,5	72,8920943802	0,101343	0,00610501	1578,66134896	0,78484217075
204	73,1531202486	0,0927961	0,00854701	1580,85859431	0,783751313658
204,5	73,6751719854	0,0854701	0,00854701	1585,1546083	0,781627226461
205	74,0014543209	0,0781441	0,020757	1587,77281194	0,780338339767
205,5	74,5235060577	0,0695971	0,021978	1591,85480235	0,778337319565
206	74,7845319261	0,0598291	0,00976801	1593,84626034	0,777364812926
206,5	75,3065836629	0,0500611	0,015873	1597,7298952	0,775475256314
207	75,5676095313	0,042735	0,013431	1599,62199147	0,774557993454
207,5	76,024404801	0,034188	0,015873	1602,85324915	0,772996530192
208	76,3506871365	0,026862	0,021978	1605,09892649	0,771915038725
208,5	76,6117130049	0,025641	0,019536	1606,85799393	0,771070004122
209	77,1990212088	0,017094	0,00732601	1610,69390445	0,769233680328
209,5	77,4600470772	0,014652	0,00732601	1612,3444538	0,768446219467
210	77,982098814	0,010989	0,00732601	1615,54512669	0,766923795275
210,5	78,2431246824	0,00976801	0,015873	1617,0951838	0,766188664965
211	78,7651764192	0,00854701	0,02442	1620,09457851	0,76477016616
211,5	79,0262022876	0,00732601	0,020757	1621,54385384	0,764086643147
212	79,5482540244	0,00732601	0,019536	1624,3414101	0,762770678811
212,5	79,8092798928	0,00732601	0,023199	1625,68963295	0,762138095052
213	80,1355622283	0,00732601	0,01221	1627,32745993	0,761371039638
Vernier Format 2
Bandlücke-Si_try.txt 20.10.2014 18:23:37 ,
Latest 2
Time	Winkel	Pyro	Sample	Wellenlänge	Energie
t	Pot	Pot	Pot	Lambda	E
s	°	V	V	nm	eV

 	 	 	 	 	 
