0	0
1	0
2	0
3	0
4	0
5	0
6	0
7	0
8	0
9	0
10	0
11	0
12	0
13	0
14	0
15	0
16	0
17	0
18	0
19	0
20	0
21	0
22	0
23	0
24	0
25	0
26	0
27	0
28	0
29	0
30	0
31	1
32	0
33	0
34	0
35	0
36	0
37	1
38	0
39	0
40	0
41	0
42	0
43	0
44	1
45	2
46	1
47	0
48	0
49	2
50	2
51	1
52	1
53	1
54	0
55	1
56	3
57	1
58	1
59	3
60	2
61	3
62	4
63	8
64	21
65	247
66	1273
67	2734
68	3363
69	3347
70	3232
71	3128
72	2929
73	2940
74	2797
75	2772
76	2603
77	2524
78	2417
79	2343
80	2337
81	2215
82	2156
83	2078
84	1995
85	1925
86	1946
87	1799
88	1727
89	1677
90	1604
91	1602
92	1495
93	1446
94	1411
95	1359
96	1307
97	1252
98	1189
99	1088
100	1048
101	1063
102	996
103	1023
104	1005
105	885
106	852
107	837
108	824
109	795
110	765
111	734
112	687
113	665
114	624
115	602
116	589
117	539
118	544
119	503
120	546
121	475
122	471
123	477
124	422
125	443
126	426
127	417
128	387
129	365
130	330
131	314
132	304
133	303
134	307
135	276
136	280
137	315
138	284
139	271
140	252
141	260
142	250
143	199
144	203
145	227
146	234
147	202
148	200
149	191
150	171
151	170
152	186
153	164
154	176
155	186
156	169
157	144
158	163
159	147
160	142
161	150
162	130
163	170
164	159
165	177
166	121
167	115
168	120
169	109
170	133
171	122
172	146
173	114
174	119
175	115
176	120
177	110
178	119
179	131
180	129
181	116
182	128
183	98
184	116
185	105
186	99
187	103
188	98
189	97
190	100
191	87
192	106
193	105
194	89
195	90
196	109
197	103
198	93
199	104
200	102
201	100
202	69
203	90
204	99
205	78
206	88
207	117
208	91
209	100
210	87
211	72
212	88
213	86
214	81
215	87
216	95
217	91
218	90
219	94
220	82
221	102
222	97
223	69
224	95
225	77
226	94
227	72
228	103
229	93
230	92
231	92
232	99
233	99
234	70
235	95
236	79
237	94
238	74
239	86
240	89
241	69
242	90
243	85
244	71
245	73
246	90
247	91
248	85
249	66
250	74
251	71
252	86
253	56
254	87
255	82
256	72
257	84
258	68
259	62
260	74
261	67
262	81
263	86
264	86
265	83
266	83
267	73
268	45
269	64
270	75
271	73
272	75
273	78
274	60
275	68
276	73
277	81
278	75
279	65
280	87
281	76
282	60
283	66
284	71
285	69
286	77
287	83
288	73
289	63
290	74
291	65
292	72
293	74
294	70
295	70
296	70
297	48
298	63
299	62
300	67
301	65
302	76
303	75
304	69
305	67
306	67
307	68
308	65
309	66
310	65
311	67
312	67
313	63
314	63
315	56
316	66
317	63
318	59
319	56
320	63
321	65
322	62
323	63
324	67
325	50
326	71
327	74
328	67
329	54
330	61
331	56
332	67
333	57
334	55
335	52
336	70
337	76
338	52
339	59
340	39
341	57
342	61
343	68
344	65
345	50
346	60
347	49
348	42
349	58
350	53
351	65
352	56
353	62
354	50
355	56
356	67
357	52
358	52
359	43
360	46
361	47
362	47
363	61
364	65
365	62
366	51
367	60
368	50
369	48
370	50
371	47
372	41
373	50
374	51
375	47
376	44
377	43
378	44
379	63
380	47
381	40
382	58
383	50
384	57
385	46
386	62
387	46
388	47
389	47
390	60
391	51
392	49
393	51
394	49
395	40
396	47
397	55
398	39
399	33
400	35
401	34
402	46
403	53
404	38
405	52
406	34
407	44
408	46
409	53
410	46
411	58
412	37
413	46
414	60
415	36
416	49
417	43
418	41
419	42
420	43
421	52
422	45
423	47
424	40
425	43
426	36
427	41
428	36
429	37
430	32
431	39
432	35
433	38
434	50
435	42
436	43
437	37
438	39
439	40
440	47
441	45
442	40
443	42
444	53
445	52
446	38
447	41
448	53
449	46
450	34
451	45
452	39
453	26
454	35
455	52
456	47
457	38
458	40
459	34
460	42
461	29
462	43
463	27
464	40
465	40
466	33
467	39
468	36
469	36
470	50
471	25
472	28
473	39
474	42
475	39
476	28
477	29
478	29
479	29
480	37
481	34
482	32
483	38
484	23
485	31
486	46
487	39
488	28
489	38
490	33
491	40
492	29
493	25
494	44
495	23
496	30
497	33
498	27
499	32
500	26
501	31
502	41
503	45
504	44
505	29
506	41
507	29
508	38
509	42
510	35
511	27
512	27
513	32
514	45
515	33
516	30
517	34
518	28
519	27
520	24
521	27
522	34
523	34
524	28
525	31
526	25
527	27
528	26
529	30
530	34
531	29
532	31
533	28
534	21
535	35
536	23
537	29
538	29
539	23
540	27
541	33
542	24
543	28
544	28
545	33
546	26
547	34
548	26
549	18
550	21
551	23
552	36
553	22
554	22
555	22
556	33
557	24
558	32
559	13
560	30
561	23
562	32
563	23
564	23
565	18
566	30
567	29
568	30
569	29
570	21
571	21
572	22
573	27
574	23
575	28
576	22
577	18
578	37
579	30
580	30
581	21
582	34
583	27
584	18
585	26
586	31
587	22
588	26
589	23
590	19
591	24
592	31
593	27
594	24
595	26
596	23
597	31
598	27
599	20
600	17
601	25
602	22
603	24
604	27
605	24
606	18
607	29
608	21
609	26
610	22
611	15
612	24
613	24
614	24
615	25
616	19
617	19
618	29
619	14
620	21
621	12
622	20
623	24
624	18
625	26
626	22
627	25
628	25
629	33
630	27
631	16
632	25
633	23
634	25
635	24
636	20
637	30
638	13
639	21
640	21
641	26
642	31
643	25
644	20
645	27
646	37
647	26
648	22
649	21
650	23
651	20
652	24
653	27
654	24
655	30
656	19
657	27
658	22
659	13
660	19
661	15
662	25
663	19
664	26
665	25
666	18
667	15
668	28
669	15
670	26
671	19
672	29
673	20
674	20
675	20
676	30
677	21
678	21
679	19
680	23
681	23
682	19
683	20
684	22
685	33
686	17
687	17
688	24
689	19
690	24
691	23
692	20
693	19
694	29
695	23
696	22
697	24
698	25
699	19
700	19
701	28
702	18
703	29
704	22
705	23
706	26
707	22
708	19
709	12
710	21
711	20
712	22
713	32
714	18
715	16
716	23
717	31
718	17
719	20
720	18
721	16
722	27
723	19
724	22
725	16
726	12
727	19
728	31
729	26
730	15
731	19
732	18
733	24
734	14
735	25
736	10
737	22
738	28
739	17
740	27
741	18
742	12
743	25
744	15
745	21
746	16
747	21
748	28
749	15
750	26
751	24
752	14
753	14
754	32
755	29
756	16
757	17
758	19
759	26
760	19
761	19
762	13
763	24
764	17
765	17
766	28
767	15
768	25
769	14
770	24
771	17
772	26
773	22
774	29
775	20
776	20
777	20
778	21
779	21
780	19
781	26
782	18
783	15
784	28
785	18
786	25
787	28
788	19
789	18
790	17
791	10
792	25
793	24
794	18
795	17
796	19
797	21
798	23
799	18
800	23
801	19
802	15
803	23
804	20
805	20
806	23
807	21
808	18
809	22
810	26
811	12
812	17
813	20
814	31
815	20
816	16
817	21
818	23
819	17
820	18
821	18
822	25
823	16
824	23
825	19
826	15
827	18
828	17
829	22
830	24
831	19
832	20
833	21
834	14
835	22
836	16
837	13
838	29
839	20
840	24
841	12
842	7
843	19
844	14
845	24
846	12
847	17
848	17
849	21
850	10
851	13
852	22
853	23
854	23
855	19
856	17
857	22
858	20
859	27
860	12
861	15
862	17
863	14
864	18
865	25
866	15
867	19
868	15
869	17
870	18
871	20
872	14
873	18
874	17
875	20
876	18
877	24
878	19
879	21
880	23
881	18
882	16
883	20
884	18
885	25
886	24
887	33
888	18
889	14
890	20
891	24
892	25
893	24
894	19
895	22
896	18
897	22
898	11
899	21
900	12
901	15
902	25
903	22
904	17
905	18
906	19
907	13
908	14
909	14
910	23
911	18
912	18
913	17
914	31
915	20
916	17
917	20
918	17
919	14
920	19
921	22
922	24
923	16
924	26
925	21
926	14
927	20
928	20
929	17
930	16
931	17
932	16
933	22
934	30
935	26
936	17
937	16
938	16
939	20
940	18
941	13
942	20
943	18
944	18
945	18
946	13
947	23
948	13
949	15
950	16
951	14
952	14
953	15
954	18
955	21
956	18
957	16
958	21
959	14
960	13
961	9
962	25
963	21
964	19
965	22
966	21
967	21
968	15
969	16
970	23
971	19
972	16
973	20
974	16
975	20
976	15
977	18
978	18
979	21
980	15
981	17
982	15
983	16
984	22
985	19
986	13
987	16
988	14
989	9
990	11
991	18
992	16
993	24
994	17
995	11
996	16
997	18
998	20
999	13
1000	16
1001	13
1002	14
1003	17
1004	10
1005	17
1006	16
1007	19
1008	15
1009	18
1010	16
1011	16
1012	18
1013	24
1014	18
1015	25
1016	24
1017	15
1018	14
1019	18
1020	22
1021	15
1022	18
1023	11
1024	20
1025	21
1026	16
1027	18
1028	17
1029	17
1030	22
1031	10
1032	11
1033	12
1034	21
1035	17
1036	16
1037	16
1038	16
1039	19
1040	16
1041	16
1042	16
1043	20
1044	17
1045	15
1046	20
1047	20
1048	15
1049	17
1050	20
1051	18
1052	16
1053	19
1054	13
1055	14
1056	15
1057	15
1058	17
1059	20
1060	17
1061	23
1062	15
1063	22
1064	21
1065	18
1066	10
1067	12
1068	16
1069	18
1070	15
1071	19
1072	25
1073	19
1074	17
1075	13
1076	15
1077	16
1078	15
1079	17
1080	14
1081	15
1082	14
1083	21
1084	17
1085	22
1086	21
1087	16
1088	21
1089	14
1090	10
1091	19
1092	14
1093	16
1094	15
1095	23
1096	16
1097	16
1098	20
1099	20
1100	18
1101	17
1102	19
1103	21
1104	18
1105	16
1106	21
1107	19
1108	16
1109	18
1110	14
1111	15
1112	17
1113	11
1114	11
1115	16
1116	15
1117	8
1118	19
1119	21
1120	20
1121	17
1122	18
1123	12
1124	14
1125	9
1126	7
1127	17
1128	14
1129	12
1130	8
1131	12
1132	16
1133	24
1134	22
1135	21
1136	19
1137	19
1138	14
1139	15
1140	21
1141	17
1142	24
1143	21
1144	15
1145	14
1146	19
1147	14
1148	19
1149	16
1150	19
1151	20
1152	17
1153	11
1154	14
1155	18
1156	16
1157	15
1158	19
1159	15
1160	11
1161	13
1162	15
1163	17
1164	17
1165	16
1166	24
1167	18
1168	18
1169	17
1170	14
1171	19
1172	19
1173	17
1174	17
1175	17
1176	19
1177	20
1178	18
1179	11
1180	19
1181	17
1182	19
1183	11
1184	14
1185	10
1186	13
1187	25
1188	12
1189	15
1190	18
1191	20
1192	21
1193	13
1194	15
1195	15
1196	14
1197	13
1198	21
1199	13
1200	18
1201	22
1202	14
1203	20
1204	22
1205	13
1206	19
1207	16
1208	17
1209	23
1210	11
1211	22
1212	17
1213	16
1214	13
1215	11
1216	16
1217	22
1218	9
1219	23
1220	19
1221	13
1222	24
1223	14
1224	11
1225	17
1226	21
1227	15
1228	19
1229	16
1230	13
1231	12
1232	14
1233	11
1234	23
1235	19
1236	17
1237	12
1238	19
1239	14
1240	17
1241	16
1242	18
1243	20
1244	15
1245	13
1246	7
1247	12
1248	11
1249	19
1250	10
1251	9
1252	14
1253	14
1254	17
1255	17
1256	18
1257	15
1258	23
1259	19
1260	12
1261	23
1262	14
1263	11
1264	17
1265	24
1266	10
1267	14
1268	17
1269	16
1270	20
1271	14
1272	22
1273	15
1274	15
1275	12
1276	12
1277	20
1278	20
1279	16
1280	16
1281	12
1282	20
1283	10
1284	26
1285	20
1286	9
1287	18
1288	15
1289	13
1290	15
1291	17
1292	12
1293	19
1294	16
1295	17
1296	20
1297	8
1298	18
1299	13
1300	12
1301	10
1302	13
1303	21
1304	14
1305	14
1306	17
1307	12
1308	16
1309	22
1310	17
1311	17
1312	17
1313	9
1314	18
1315	16
1316	17
1317	9
1318	23
1319	16
1320	13
1321	15
1322	18
1323	18
1324	17
1325	12
1326	20
1327	13
1328	16
1329	17
1330	15
1331	20
1332	12
1333	17
1334	8
1335	14
1336	15
1337	8
1338	14
1339	11
1340	15
1341	15
1342	17
1343	16
1344	18
1345	15
1346	16
1347	13
1348	25
1349	13
1350	14
1351	21
1352	15
1353	13
1354	16
1355	19
1356	17
1357	11
1358	15
1359	16
1360	14
1361	18
1362	18
1363	15
1364	17
1365	20
1366	18
1367	16
1368	20
1369	20
1370	15
1371	11
1372	17
1373	10
1374	22
1375	22
1376	15
1377	17
1378	24
1379	15
1380	22
1381	11
1382	11
1383	20
1384	12
1385	17
1386	19
1387	15
1388	12
1389	15
1390	15
1391	14
1392	10
1393	17
1394	11
1395	16
1396	21
1397	14
1398	13
1399	18
1400	21
1401	20
1402	8
1403	17
1404	16
1405	19
1406	18
1407	15
1408	16
1409	14
1410	13
1411	8
1412	20
1413	14
1414	10
1415	10
1416	16
1417	13
1418	20
1419	17
1420	13
1421	16
1422	16
1423	14
1424	9
1425	23
1426	9
1427	13
1428	19
1429	14
1430	10
1431	22
1432	19
1433	16
1434	17
1435	19
1436	13
1437	21
1438	9
1439	11
1440	15
1441	13
1442	15
1443	18
1444	16
1445	16
1446	13
1447	16
1448	14
1449	16
1450	17
1451	10
1452	19
1453	15
1454	16
1455	18
1456	15
1457	15
1458	16
1459	12
1460	21
1461	15
1462	15
1463	14
1464	20
1465	16
1466	20
1467	12
1468	10
1469	18
1470	6
1471	18
1472	14
1473	16
1474	12
1475	25
1476	18
1477	19
1478	13
1479	21
1480	10
1481	13
1482	13
1483	9
1484	14
1485	17
1486	19
1487	11
1488	24
1489	13
1490	13
1491	9
1492	13
1493	20
1494	12
1495	17
1496	18
1497	13
1498	20
1499	15
1500	16
1501	13
1502	22
1503	13
1504	18
1505	18
1506	16
1507	11
1508	14
1509	14
1510	20
1511	15
1512	16
1513	11
1514	12
1515	19
1516	17
1517	19
1518	17
1519	12
1520	13
1521	5
1522	15
1523	18
1524	21
1525	12
1526	11
1527	12
1528	13
1529	16
1530	11
1531	15
1532	12
1533	14
1534	20
1535	10
1536	20
1537	14
1538	12
1539	24
1540	12
1541	15
1542	10
1543	15
1544	10
1545	13
1546	12
1547	18
1548	10
1549	16
1550	10
1551	12
1552	15
1553	10
1554	14
1555	20
1556	18
1557	15
1558	24
1559	20
1560	11
1561	10
1562	23
1563	15
1564	7
1565	11
1566	17
1567	12
1568	18
1569	10
1570	14
1571	14
1572	11
1573	16
1574	16
1575	13
1576	17
1577	8
1578	22
1579	12
1580	16
1581	8
1582	16
1583	18
1584	13
1585	11
1586	17
1587	14
1588	11
1589	13
1590	10
1591	12
1592	19
1593	13
1594	18
1595	14
1596	15
1597	19
1598	20
1599	12
1600	13
1601	7
1602	11
1603	11
1604	10
1605	12
1606	15
1607	14
1608	13
1609	10
1610	17
1611	19
1612	15
1613	21
1614	14
1615	17
1616	16
1617	15
1618	13
1619	16
1620	8
1621	15
1622	14
1623	9
1624	20
1625	14
1626	24
1627	16
1628	8
1629	23
1630	12
1631	14
1632	13
1633	14
1634	19
1635	18
1636	17
1637	21
1638	12
1639	15
1640	14
1641	17
1642	16
1643	14
1644	16
1645	16
1646	21
1647	13
1648	18
1649	12
1650	13
1651	14
1652	13
1653	23
1654	14
1655	14
1656	18
1657	12
1658	11
1659	13
1660	12
1661	16
1662	13
1663	10
1664	17
1665	19
1666	11
1667	17
1668	13
1669	10
1670	19
1671	13
1672	9
1673	15
1674	6
1675	12
1676	22
1677	13
1678	13
1679	18
1680	18
1681	14
1682	13
1683	13
1684	13
1685	9
1686	13
1687	20
1688	16
1689	19
1690	19
1691	16
1692	15
1693	13
1694	13
1695	18
1696	11
1697	11
1698	15
1699	15
1700	14
1701	15
1702	16
1703	14
1704	16
1705	21
1706	14
1707	6
1708	16
1709	12
1710	10
1711	11
1712	16
1713	16
1714	20
1715	8
1716	17
1717	12
1718	13
1719	8
1720	13
1721	12
1722	16
1723	11
1724	13
1725	11
1726	11
1727	14
1728	13
1729	17
1730	8
1731	16
1732	15
1733	15
1734	6
1735	11
1736	13
1737	22
1738	12
1739	15
1740	15
1741	13
1742	9
1743	16
1744	12
1745	19
1746	14
1747	16
1748	10
1749	16
1750	15
1751	15
1752	13
1753	18
1754	17
1755	11
1756	11
1757	14
1758	13
1759	8
1760	22
1761	16
1762	17
1763	13
1764	15
1765	11
1766	9
1767	7
1768	12
1769	23
1770	15
1771	22
1772	16
1773	16
1774	13
1775	13
1776	15
1777	19
1778	16
1779	11
1780	12
1781	20
1782	11
1783	10
1784	14
1785	9
1786	11
1787	20
1788	20
1789	13
1790	17
1791	15
1792	11
1793	10
1794	18
1795	15
1796	15
1797	14
1798	16
1799	15
1800	17
1801	14
1802	14
1803	17
1804	11
1805	11
1806	16
1807	17
1808	24
1809	19
1810	18
1811	13
1812	22
1813	15
1814	19
1815	16
1816	17
1817	18
1818	22
1819	16
1820	10
1821	7
1822	13
1823	21
1824	15
1825	14
1826	15
1827	11
1828	13
1829	13
1830	16
1831	16
1832	12
1833	15
1834	12
1835	15
1836	11
1837	18
1838	14
1839	11
1840	11
1841	17
1842	12
1843	23
1844	14
1845	11
1846	12
1847	11
1848	16
1849	7
1850	13
1851	14
1852	18
1853	13
1854	13
1855	14
1856	13
1857	15
1858	21
1859	13
1860	8
1861	24
1862	16
1863	21
1864	12
1865	16
1866	16
1867	14
1868	13
1869	14
1870	8
1871	13
1872	17
1873	13
1874	12
1875	11
1876	10
1877	9
1878	13
1879	10
1880	15
1881	10
1882	14
1883	18
1884	15
1885	17
1886	16
1887	9
1888	11
1889	11
1890	13
1891	9
1892	12
1893	11
1894	15
1895	16
1896	13
1897	13
1898	21
1899	12
1900	14
1901	5
1902	14
1903	8
1904	13
1905	6
1906	13
1907	14
1908	8
1909	16
1910	15
1911	16
1912	11
1913	22
1914	15
1915	9
1916	15
1917	18
1918	14
1919	12
1920	14
1921	19
1922	13
1923	18
1924	17
1925	17
1926	8
1927	15
1928	11
1929	16
1930	11
1931	12
1932	20
1933	18
1934	10
1935	14
1936	15
1937	20
1938	9
1939	12
1940	14
1941	7
1942	14
1943	17
1944	12
1945	14
1946	18
1947	21
1948	18
1949	10
1950	11
1951	14
1952	10
1953	13
1954	18
1955	10
1956	11
1957	12
1958	18
1959	21
1960	17
1961	5
1962	15
1963	12
1964	15
1965	15
1966	20
1967	12
1968	19
1969	20
1970	10
1971	20
1972	13
1973	13
1974	14
1975	13
1976	14
1977	13
1978	17
1979	16
1980	22
1981	11
1982	17
1983	16
1984	11
1985	11
1986	10
1987	11
1988	10
1989	16
1990	15
1991	16
1992	17
1993	11
1994	16
1995	17
1996	7
1997	20
1998	13
1999	9
2000	18
2001	9
2002	13
2003	17
2004	10
2005	25
2006	7
2007	8
2008	12
2009	11
2010	13
2011	16
2012	10
2013	10
2014	9
2015	13
2016	9
2017	13
2018	12
2019	11
2020	6
2021	16
2022	9
2023	13
2024	16
2025	18
2026	16
2027	8
2028	8
2029	7
2030	12
2031	15
2032	15
2033	11
2034	14
2035	18
2036	13
2037	15
2038	17
2039	20
2040	14
2041	17
2042	13
2043	17
2044	11
2045	9
2046	9
2047	18
2048	11
2049	10
2050	20
2051	14
2052	12
2053	12
2054	20
2055	13
2056	15
2057	19
2058	14
2059	12
2060	15
2061	18
2062	9
2063	14
2064	7
2065	12
2066	18
2067	15
2068	13
2069	15
2070	10
2071	19
2072	14
2073	12
2074	13
2075	14
2076	13
2077	9
2078	16
2079	14
2080	9
2081	10
2082	18
2083	10
2084	7
2085	14
2086	8
2087	15
2088	10
2089	11
2090	12
2091	15
2092	8
2093	17
2094	14
2095	11
2096	19
2097	17
2098	8
2099	16
2100	15
2101	8
2102	15
2103	9
2104	13
2105	18
2106	11
2107	9
2108	18
2109	19
2110	9
2111	12
2112	13
2113	8
2114	19
2115	13
2116	12
2117	13
2118	8
2119	10
2120	15
2121	10
2122	15
2123	14
2124	12
2125	18
2126	17
2127	14
2128	10
2129	14
2130	10
2131	18
2132	12
2133	19
2134	14
2135	11
2136	16
2137	16
2138	11
2139	11
2140	13
2141	11
2142	10
2143	9
2144	10
2145	8
2146	19
2147	8
2148	21
2149	11
2150	12
2151	12
2152	9
2153	11
2154	14
2155	16
2156	9
2157	17
2158	11
2159	14
2160	11
2161	11
2162	15
2163	17
2164	8
2165	15
2166	16
2167	10
2168	17
2169	15
2170	12
2171	8
2172	10
2173	7
2174	11
2175	12
2176	14
2177	17
2178	10
2179	18
2180	13
2181	9
2182	13
2183	12
2184	9
2185	18
2186	9
2187	19
2188	17
2189	8
2190	16
2191	7
2192	16
2193	15
2194	7
2195	4
2196	14
2197	11
2198	16
2199	10
2200	15
2201	17
2202	11
2203	18
2204	9
2205	17
2206	11
2207	11
2208	10
2209	19
2210	12
2211	8
2212	11
2213	16
2214	9
2215	15
2216	14
2217	13
2218	15
2219	13
2220	16
2221	12
2222	13
2223	10
2224	7
2225	14
2226	10
2227	13
2228	10
2229	17
2230	10
2231	16
2232	21
2233	5
2234	12
2235	11
2236	5
2237	9
2238	15
2239	21
2240	10
2241	15
2242	11
2243	11
2244	10
2245	6
2246	11
2247	20
2248	13
2249	9
2250	14
2251	16
2252	14
2253	13
2254	14
2255	13
2256	13
2257	23
2258	22
2259	13
2260	18
2261	11
2262	10
2263	9
2264	14
2265	17
2266	17
2267	8
2268	11
2269	10
2270	13
2271	11
2272	18
2273	19
2274	13
2275	19
2276	11
2277	12
2278	21
2279	12
2280	14
2281	17
2282	14
2283	12
2284	15
2285	7
2286	12
2287	14
2288	18
2289	9
2290	12
2291	12
2292	12
2293	10
2294	13
2295	10
2296	14
2297	12
2298	7
2299	10
2300	9
2301	14
2302	9
2303	11
2304	11
2305	15
2306	7
2307	14
2308	10
2309	12
2310	15
2311	8
2312	23
2313	17
2314	14
2315	14
2316	17
2317	12
2318	17
2319	14
2320	14
2321	12
2322	12
2323	9
2324	12
2325	16
2326	16
2327	11
2328	9
2329	16
2330	15
2331	12
2332	14
2333	14
2334	13
2335	15
2336	11
2337	11
2338	11
2339	20
2340	10
2341	19
2342	11
2343	12
2344	11
2345	11
2346	12
2347	8
2348	9
2349	14
2350	13
2351	15
2352	13
2353	15
2354	11
2355	10
2356	11
2357	12
2358	12
2359	13
2360	17
2361	9
2362	13
2363	10
2364	14
2365	10
2366	15
2367	15
2368	14
2369	13
2370	6
2371	14
2372	13
2373	15
2374	19
2375	12
2376	7
2377	18
2378	9
2379	7
2380	8
2381	16
2382	11
2383	11
2384	15
2385	11
2386	12
2387	10
2388	14
2389	11
2390	11
2391	8
2392	13
2393	12
2394	8
2395	9
2396	7
2397	10
2398	13
2399	16
2400	21
2401	8
2402	15
2403	9
2404	15
2405	9
2406	13
2407	7
2408	11
2409	14
2410	19
2411	8
2412	6
2413	6
2414	18
2415	9
2416	16
2417	18
2418	15
2419	19
2420	5
2421	20
2422	16
2423	14
2424	11
2425	13
2426	10
2427	12
2428	14
2429	6
2430	14
2431	5
2432	13
2433	8
2434	15
2435	10
2436	15
2437	9
2438	11
2439	15
2440	10
2441	7
2442	12
2443	14
2444	9
2445	10
2446	10
2447	11
2448	11
2449	14
2450	8
2451	9
2452	15
2453	12
2454	14
2455	8
2456	14
2457	20
2458	9
2459	9
2460	10
2461	21
2462	19
2463	7
2464	12
2465	11
2466	13
2467	12
2468	14
2469	12
2470	16
2471	11
2472	19
2473	16
2474	12
2475	13
2476	10
2477	15
2478	16
2479	18
2480	13
2481	13
2482	7
2483	17
2484	9
2485	10
2486	16
2487	14
2488	14
2489	14
2490	13
2491	14
2492	7
2493	8
2494	10
2495	13
2496	10
2497	15
2498	9
2499	16
2500	12
2501	9
2502	19
2503	14
2504	9
2505	15
2506	10
2507	16
2508	9
2509	11
2510	10
2511	18
2512	9
2513	12
2514	10
2515	20
2516	7
2517	8
2518	8
2519	4
2520	17
2521	14
2522	13
2523	15
2524	9
2525	13
2526	15
2527	13
2528	20
2529	13
2530	6
2531	19
2532	10
2533	15
2534	18
2535	16
2536	9
2537	11
2538	12
2539	16
2540	8
2541	14
2542	13
2543	12
2544	11
2545	16
2546	9
2547	10
2548	19
2549	9
2550	14
2551	17
2552	20
2553	14
2554	12
2555	7
2556	12
2557	12
2558	21
2559	16
2560	18
2561	6
2562	17
2563	13
2564	7
2565	6
2566	16
2567	7
2568	10
2569	7
2570	14
2571	10
2572	7
2573	14
2574	14
2575	12
2576	10
2577	12
2578	8
2579	13
2580	10
2581	11
2582	15
2583	15
2584	12
2585	16
2586	10
2587	15
2588	16
2589	10
2590	8
2591	10
2592	12
2593	8
2594	12
2595	11
2596	17
2597	12
2598	11
2599	12
2600	12
2601	10
2602	14
2603	20
2604	13
2605	19
2606	12
2607	16
2608	11
2609	11
2610	10
2611	12
2612	13
2613	14
2614	11
2615	18
2616	8
2617	18
2618	14
2619	10
2620	13
2621	8
2622	11
2623	13
2624	14
2625	14
2626	15
2627	9
2628	13
2629	12
2630	12
2631	11
2632	16
2633	14
2634	13
2635	17
2636	12
2637	5
2638	13
2639	11
2640	15
2641	13
2642	5
2643	12
2644	12
2645	13
2646	9
2647	10
2648	13
2649	14
2650	15
2651	11
2652	7
2653	13
2654	16
2655	14
2656	22
2657	7
2658	14
2659	18
2660	5
2661	8
2662	15
2663	15
2664	10
2665	12
2666	13
2667	19
2668	5
2669	12
2670	13
2671	15
2672	15
2673	9
2674	11
2675	13
2676	14
2677	10
2678	15
2679	6
2680	11
2681	8
2682	16
2683	13
2684	11
2685	9
2686	9
2687	11
2688	5
2689	11
2690	12
2691	9
2692	9
2693	11
2694	6
2695	11
2696	11
2697	17
2698	8
2699	6
2700	16
2701	13
2702	7
2703	9
2704	14
2705	14
2706	14
2707	14
2708	14
2709	11
2710	11
2711	10
2712	16
2713	9
2714	21
2715	11
2716	7
2717	14
2718	17
2719	9
2720	6
2721	14
2722	9
2723	12
2724	9
2725	7
2726	9
2727	10
2728	9
2729	9
2730	13
2731	12
2732	6
2733	8
2734	7
2735	11
2736	14
2737	7
2738	12
2739	13
2740	14
2741	10
2742	10
2743	14
2744	13
2745	10
2746	10
2747	8
2748	12
2749	11
2750	10
2751	14
2752	12
2753	10
2754	11
2755	10
2756	10
2757	11
2758	8
2759	9
2760	6
2761	14
2762	6
2763	10
2764	8
2765	12
2766	12
2767	6
2768	6
2769	8
2770	6
2771	14
2772	10
2773	11
2774	13
2775	12
2776	11
2777	12
2778	11
2779	19
2780	10
2781	6
2782	13
2783	8
2784	13
2785	12
2786	13
2787	11
2788	7
2789	11
2790	13
2791	8
2792	14
2793	16
2794	11
2795	6
2796	15
2797	9
2798	6
2799	9
2800	11
2801	9
2802	9
2803	7
2804	11
2805	8
2806	9
2807	13
2808	7
2809	13
2810	21
2811	8
2812	14
2813	10
2814	8
2815	15
2816	13
2817	5
2818	13
2819	10
2820	9
2821	5
2822	8
2823	11
2824	13
2825	11
2826	13
2827	10
2828	13
2829	12
2830	8
2831	10
2832	17
2833	7
2834	12
2835	19
2836	7
2837	8
2838	12
2839	15
2840	10
2841	11
2842	11
2843	12
2844	17
2845	17
2846	8
2847	11
2848	18
2849	13
2850	12
2851	8
2852	15
2853	12
2854	9
2855	8
2856	9
2857	8
2858	8
2859	16
2860	13
2861	8
2862	8
2863	11
2864	12
2865	14
2866	7
2867	12
2868	11
2869	7
2870	9
2871	11
2872	17
2873	5
2874	15
2875	9
2876	18
2877	9
2878	10
2879	7
2880	8
2881	11
2882	8
2883	10
2884	7
2885	9
2886	14
2887	7
2888	11
2889	9
2890	11
2891	11
2892	18
2893	5
2894	9
2895	12
2896	12
2897	11
2898	6
2899	9
2900	17
2901	10
2902	16
2903	11
2904	10
2905	13
2906	13
2907	9
2908	12
2909	6
2910	9
2911	9
2912	9
2913	7
2914	3
2915	10
2916	12
2917	17
2918	11
2919	7
2920	8
2921	11
2922	6
2923	8
2924	9
2925	10
2926	16
2927	13
2928	10
2929	6
2930	6
2931	8
2932	6
2933	9
2934	7
2935	9
2936	10
2937	9
2938	11
2939	6
2940	12
2941	11
2942	6
2943	11
2944	15
2945	11
2946	10
2947	7
2948	13
2949	8
2950	8
2951	9
2952	7
2953	8
2954	6
2955	15
2956	9
2957	10
2958	12
2959	16
2960	9
2961	14
2962	9
2963	10
2964	8
2965	12
2966	10
2967	8
2968	13
2969	14
2970	16
2971	13
2972	7
2973	7
2974	7
2975	16
2976	12
2977	9
2978	7
2979	10
2980	17
2981	6
2982	12
2983	12
2984	6
2985	8
2986	8
2987	9
2988	13
2989	14
2990	8
2991	13
2992	19
2993	9
2994	5
2995	9
2996	16
2997	8
2998	10
2999	12
3000	10
3001	9
3002	8
3003	11
3004	5
3005	6
3006	7
3007	12
3008	7
3009	8
3010	9
3011	16
3012	21
3013	10
3014	7
3015	6
3016	7
3017	11
3018	7
3019	11
3020	12
3021	8
3022	9
3023	6
3024	7
3025	9
3026	12
3027	10
3028	13
3029	13
3030	7
3031	5
3032	6
3033	9
3034	10
3035	10
3036	8
3037	14
3038	12
3039	14
3040	12
3041	8
3042	12
3043	8
3044	5
3045	3
3046	11
3047	13
3048	10
3049	11
3050	8
3051	8
3052	11
3053	11
3054	12
3055	11
3056	8
3057	8
3058	12
3059	8
3060	15
3061	10
3062	10
3063	13
3064	7
3065	14
3066	16
3067	14
3068	8
3069	5
3070	10
3071	7
3072	9
3073	10
3074	13
3075	13
3076	13
3077	5
3078	5
3079	11
3080	7
3081	11
3082	18
3083	9
3084	11
3085	9
3086	9
3087	6
3088	14
3089	8
3090	8
3091	6
3092	12
3093	11
3094	5
3095	5
3096	12
3097	8
3098	6
3099	7
3100	6
3101	5
3102	8
3103	6
3104	5
3105	6
3106	13
3107	15
3108	6
3109	8
3110	12
3111	8
3112	13
3113	12
3114	10
3115	7
3116	12
3117	6
3118	5
3119	16
3120	12
3121	7
3122	10
3123	7
3124	9
3125	12
3126	12
3127	9
3128	6
3129	13
3130	8
3131	12
3132	11
3133	8
3134	11
3135	8
3136	10
3137	4
3138	9
3139	14
3140	12
3141	8
3142	9
3143	14
3144	13
3145	7
3146	16
3147	10
3148	9
3149	5
3150	3
3151	3
3152	12
3153	8
3154	8
3155	8
3156	12
3157	6
3158	10
3159	8
3160	12
3161	15
3162	12
3163	9
3164	8
3165	8
3166	12
3167	7
3168	7
3169	12
3170	6
3171	9
3172	8
3173	7
3174	8
3175	6
3176	6
3177	6
3178	15
3179	6
3180	4
3181	9
3182	7
3183	8
3184	4
3185	5
3186	7
3187	8
3188	11
3189	9
3190	10
3191	9
3192	10
3193	9
3194	13
3195	12
3196	4
3197	9
3198	9
3199	17
3200	10
3201	17
3202	6
3203	8
3204	12
3205	7
3206	8
3207	7
3208	6
3209	10
3210	9
3211	13
3212	9
3213	11
3214	12
3215	5
3216	11
3217	8
3218	8
3219	13
3220	10
3221	8
3222	9
3223	8
3224	9
3225	3
3226	13
3227	12
3228	12
3229	6
3230	12
3231	11
3232	10
3233	7
3234	4
3235	8
3236	3
3237	8
3238	12
3239	8
3240	9
3241	8
3242	10
3243	9
3244	8
3245	11
3246	3
3247	9
3248	11
3249	5
3250	7
3251	3
3252	12
3253	4
3254	6
3255	13
3256	7
3257	12
3258	11
3259	5
3260	8
3261	7
3262	14
3263	11
3264	9
3265	10
3266	3
3267	6
3268	9
3269	4
3270	10
3271	8
3272	8
3273	4
3274	4
3275	8
3276	11
3277	12
3278	10
3279	12
3280	9
3281	11
3282	10
3283	15
3284	11
3285	9
3286	10
3287	9
3288	11
3289	19
3290	12
3291	10
3292	9
3293	8
3294	11
3295	6
3296	6
3297	8
3298	10
3299	4
3300	6
3301	10
3302	8
3303	9
3304	8
3305	9
3306	13
3307	12
3308	6
3309	7
3310	4
3311	10
3312	12
3313	11
3314	10
3315	9
3316	12
3317	11
3318	7
3319	9
3320	10
3321	7
3322	9
3323	9
3324	12
3325	6
3326	8
3327	8
3328	9
3329	10
3330	9
3331	10
3332	11
3333	7
3334	8
3335	11
3336	8
3337	3
3338	6
3339	11
3340	7
3341	10
3342	10
3343	6
3344	8
3345	4
3346	11
3347	12
3348	9
3349	13
3350	7
3351	9
3352	8
3353	10
3354	11
3355	9
3356	8
3357	12
3358	7
3359	9
3360	6
3361	4
3362	8
3363	8
3364	9
3365	6
3366	12
3367	3
3368	11
3369	9
3370	4
3371	5
3372	7
3373	5
3374	5
3375	12
3376	7
3377	6
3378	6
3379	6
3380	5
3381	6
3382	7
3383	5
3384	7
3385	9
3386	13
3387	12
3388	4
3389	6
3390	4
3391	8
3392	9
3393	8
3394	11
3395	12
3396	6
3397	12
3398	6
3399	6
3400	8
3401	8
3402	0
3403	12
3404	11
3405	6
3406	8
3407	12
3408	7
3409	3
3410	12
3411	13
3412	7
3413	10
3414	9
3415	12
3416	6
3417	7
3418	4
3419	3
3420	6
3421	5
3422	5
3423	7
3424	14
3425	10
3426	9
3427	5
3428	8
3429	5
3430	8
3431	6
3432	11
3433	7
3434	12
3435	10
3436	4
3437	9
3438	5
3439	17
3440	9
3441	6
3442	9
3443	5
3444	7
3445	10
3446	13
3447	8
3448	12
3449	8
3450	5
3451	10
3452	6
3453	7
3454	5
3455	8
3456	8
3457	10
3458	2
3459	6
3460	10
3461	11
3462	6
3463	10
3464	4
3465	6
3466	8
3467	8
3468	2
3469	10
3470	8
3471	8
3472	10
3473	17
3474	8
3475	13
3476	12
3477	8
3478	9
3479	8
3480	5
3481	4
3482	11
3483	5
3484	7
3485	6
3486	4
3487	9
3488	12
3489	11
3490	6
3491	4
3492	5
3493	6
3494	5
3495	6
3496	6
3497	9
3498	7
3499	9
3500	8
3501	4
3502	8
3503	8
3504	8
3505	10
3506	8
3507	7
3508	7
3509	11
3510	8
3511	3
3512	7
3513	7
3514	8
3515	8
3516	8
3517	9
3518	12
3519	11
3520	11
3521	4
3522	4
3523	9
3524	5
3525	6
3526	1
3527	4
3528	6
3529	15
3530	8
3531	7
3532	7
3533	6
3534	5
3535	7
3536	8
3537	5
3538	5
3539	6
3540	3
3541	7
3542	2
3543	8
3544	10
3545	8
3546	6
3547	9
3548	5
3549	9
3550	9
3551	8
3552	6
3553	4
3554	3
3555	10
3556	10
3557	14
3558	12
3559	9
3560	8
3561	6
3562	7
3563	9
3564	11
3565	8
3566	4
3567	8
3568	10
3569	7
3570	8
3571	6
3572	5
3573	11
3574	8
3575	10
3576	6
3577	6
3578	9
3579	5
3580	8
3581	4
3582	1
3583	7
3584	7
3585	5
3586	5
3587	6
3588	10
3589	8
3590	5
3591	6
3592	11
3593	9
3594	9
3595	9
3596	8
3597	4
3598	6
3599	6
3600	3
3601	6
3602	7
3603	10
3604	10
3605	8
3606	7
3607	10
3608	7
3609	5
3610	6
3611	6
3612	10
3613	4
3614	7
3615	4
3616	3
3617	9
3618	10
3619	4
3620	4
3621	6
3622	6
3623	11
3624	6
3625	7
3626	10
3627	7
3628	11
3629	11
3630	7
3631	5
3632	11
3633	8
3634	7
3635	3
3636	6
3637	6
3638	10
3639	6
3640	6
3641	6
3642	7
3643	4
3644	5
3645	4
3646	6
3647	10
3648	10
3649	7
3650	4
3651	3
3652	10
3653	9
3654	6
3655	8
3656	2
3657	5
3658	7
3659	9
3660	11
3661	10
3662	9
3663	7
3664	4
3665	9
3666	7
3667	12
3668	10
3669	6
3670	7
3671	8
3672	6
3673	7
3674	11
3675	6
3676	6
3677	7
3678	4
3679	3
3680	10
3681	5
3682	9
3683	5
3684	5
3685	9
3686	3
3687	9
3688	8
3689	4
3690	5
3691	4
3692	5
3693	6
3694	6
3695	1
3696	4
3697	6
3698	6
3699	6
3700	4
3701	9
3702	10
3703	8
3704	5
3705	5
3706	7
3707	5
3708	9
3709	11
3710	7
3711	11
3712	8
3713	11
3714	13
3715	5
3716	4
3717	10
3718	7
3719	6
3720	8
3721	4
3722	1
3723	4
3724	10
3725	7
3726	6
3727	14
3728	4
3729	8
3730	6
3731	8
3732	4
3733	6
3734	7
3735	8
3736	2
3737	6
3738	11
3739	6
3740	9
3741	4
3742	4
3743	6
3744	4
3745	6
3746	7
3747	6
3748	8
3749	1
3750	7
3751	6
3752	5
3753	11
3754	5
3755	6
3756	8
3757	7
3758	11
3759	6
3760	6
3761	7
3762	9
3763	5
3764	7
3765	6
3766	8
3767	8
3768	6
3769	10
3770	7
3771	2
3772	8
3773	3
3774	3
3775	5
3776	7
3777	3
3778	6
3779	13
3780	9
3781	6
3782	4
3783	8
3784	5
3785	8
3786	7
3787	6
3788	13
3789	6
3790	4
3791	4
3792	6
3793	3
3794	2
3795	4
3796	6
3797	5
3798	5
3799	10
3800	8
3801	4
3802	7
3803	7
3804	8
3805	10
3806	8
3807	7
3808	4
3809	9
3810	5
3811	5
3812	8
3813	6
3814	6
3815	11
3816	8
3817	6
3818	6
3819	7
3820	8
3821	7
3822	7
3823	5
3824	2
3825	7
3826	7
3827	8
3828	5
3829	7
3830	2
3831	9
3832	3
3833	8
3834	9
3835	5
3836	5
3837	11
3838	5
3839	4
3840	6
3841	9
3842	4
3843	7
3844	13
3845	5
3846	1
3847	8
3848	4
3849	2
3850	6
3851	8
3852	5
3853	4
3854	8
3855	8
3856	10
3857	4
3858	2
3859	6
3860	5
3861	4
3862	6
3863	5
3864	9
3865	9
3866	6
3867	4
3868	7
3869	10
3870	8
3871	1
3872	5
3873	11
3874	8
3875	8
3876	11
3877	2
3878	5
3879	7
3880	7
3881	10
3882	9
3883	5
3884	5
3885	6
3886	6
3887	8
3888	9
3889	4
3890	5
3891	2
3892	7
3893	4
3894	4
3895	3
3896	8
3897	7
3898	5
3899	2
3900	5
3901	7
3902	6
3903	4
3904	9
3905	4
3906	4
3907	5
3908	4
3909	5
3910	8
3911	6
3912	7
3913	5
3914	8
3915	7
3916	6
3917	6
3918	6
3919	9
3920	6
3921	5
3922	5
3923	6
3924	5
3925	9
3926	6
3927	9
3928	4
3929	6
3930	5
3931	5
3932	5
3933	7
3934	5
3935	7
3936	6
3937	3
3938	6
3939	7
3940	2
3941	9
3942	6
3943	4
3944	7
3945	11
3946	3
3947	7
3948	5
3949	5
3950	3
3951	6
3952	3
3953	11
3954	6
3955	7
3956	7
3957	10
3958	6
3959	5
3960	2
3961	5
3962	7
3963	3
3964	6
3965	2
3966	3
3967	5
3968	3
3969	7
3970	5
3971	6
3972	3
3973	9
3974	4
3975	7
3976	9
3977	3
3978	4
3979	5
3980	5
3981	4
3982	7
3983	10
3984	3
3985	10
3986	8
3987	1
3988	5
3989	7
3990	5
3991	4
3992	9
3993	6
3994	5
3995	8
3996	2
3997	5
3998	6
3999	4
4000	5
4001	4
4002	3
4003	3
4004	3
4005	6
4006	2
4007	8
4008	5
4009	8
4010	7
4011	4
4012	5
4013	6
4014	7
4015	7
4016	3
4017	5
4018	3
4019	6
4020	3
4021	4
4022	4
4023	2
4024	7
4025	6
4026	11
4027	3
4028	9
4029	6
4030	8
4031	7
4032	2
4033	6
4034	7
4035	7
4036	6
4037	5
4038	2
4039	3
4040	9
4041	3
4042	3
4043	5
4044	7
4045	9
4046	4
4047	10
4048	7
4049	4
4050	5
4051	5
4052	6
4053	7
4054	6
4055	4
4056	6
4057	9
4058	4
4059	3
4060	3
4061	5
4062	6
4063	3
4064	4
4065	4
4066	5
4067	7
4068	5
4069	3
4070	7
4071	4
4072	3
4073	6
4074	5
4075	5
4076	2
4077	3
4078	5
4079	6
4080	2
4081	3
4082	2
4083	7
4084	3
4085	5
4086	7
4087	6
4088	7
4089	5
4090	8
4091	5
4092	7
4093	1
4094	4
4095	2
4096	5
4097	5
4098	5
4099	2
4100	5
4101	6
4102	2
4103	3
4104	2
4105	4
4106	5
4107	2
4108	10
4109	7
4110	5
4111	7
4112	3
4113	5
4114	10
4115	3
4116	2
4117	2
4118	3
4119	4
4120	2
4121	2
4122	3
4123	3
4124	6
4125	4
4126	7
4127	1
4128	5
4129	4
4130	5
4131	6
4132	7
4133	5
4134	3
4135	5
4136	3
4137	6
4138	7
4139	7
4140	3
4141	5
4142	4
4143	6
4144	4
4145	4
4146	3
4147	4
4148	3
4149	4
4150	3
4151	1
4152	2
4153	5
4154	9
4155	4
4156	6
4157	2
4158	5
4159	8
4160	6
4161	8
4162	3
4163	3
4164	5
4165	5
4166	8
4167	3
4168	4
4169	1
4170	4
4171	8
4172	5
4173	9
4174	4
4175	6
4176	7
4177	5
4178	7
4179	4
4180	5
4181	5
4182	10
4183	3
4184	6
4185	7
4186	5
4187	6
4188	5
4189	0
4190	6
4191	5
4192	6
4193	8
4194	8
4195	4
4196	3
4197	7
4198	6
4199	4
4200	2
4201	8
4202	3
4203	3
4204	7
4205	3
4206	3
4207	6
4208	6
4209	6
4210	2
4211	3
4212	7
4213	5
4214	4
4215	2
4216	4
4217	2
4218	7
4219	5
4220	3
4221	6
4222	2
4223	4
4224	5
4225	6
4226	2
4227	4
4228	6
4229	4
4230	5
4231	4
4232	5
4233	6
4234	5
4235	2
4236	3
4237	0
4238	9
4239	6
4240	4
4241	6
4242	3
4243	6
4244	3
4245	6
4246	1
4247	1
4248	5
4249	1
4250	5
4251	3
4252	4
4253	5
4254	3
4255	3
4256	3
4257	6
4258	4
4259	8
4260	2
4261	3
4262	6
4263	2
4264	2
4265	4
4266	7
4267	6
4268	4
4269	4
4270	8
4271	4
4272	6
4273	2
4274	4
4275	1
4276	6
4277	4
4278	3
4279	2
4280	8
4281	2
4282	4
4283	3
4284	5
4285	5
4286	3
4287	5
4288	3
4289	6
4290	5
4291	8
4292	6
4293	5
4294	2
4295	4
4296	6
4297	5
4298	3
4299	4
4300	1
4301	2
4302	2
4303	5
4304	4
4305	4
4306	3
4307	3
4308	3
4309	4
4310	8
4311	7
4312	7
4313	6
4314	1
4315	3
4316	3
4317	1
4318	4
4319	4
4320	4
4321	7
4322	8
4323	2
4324	5
4325	1
4326	1
4327	2
4328	8
4329	4
4330	8
4331	6
4332	6
4333	1
4334	4
4335	4
4336	4
4337	5
4338	8
4339	4
4340	7
4341	7
4342	4
4343	4
4344	2
4345	4
4346	10
4347	2
4348	7
4349	7
4350	3
4351	3
4352	6
4353	4
4354	1
4355	5
4356	6
4357	4
4358	2
4359	1
4360	4
4361	3
4362	4
4363	4
4364	7
4365	1
4366	6
4367	3
4368	5
4369	2
4370	2
4371	4
4372	1
4373	4
4374	5
4375	5
4376	6
4377	3
4378	1
4379	6
4380	4
4381	2
4382	3
4383	2
4384	2
4385	3
4386	4
4387	3
4388	7
4389	6
4390	3
4391	9
4392	6
4393	5
4394	6
4395	9
4396	2
4397	6
4398	2
4399	5
4400	5
4401	6
4402	4
4403	5
4404	4
4405	5
4406	5
4407	5
4408	2
4409	1
4410	4
4411	4
4412	3
4413	5
4414	2
4415	2
4416	5
4417	4
4418	3
4419	5
4420	3
4421	2
4422	1
4423	2
4424	2
4425	6
4426	5
4427	3
4428	1
4429	6
4430	7
4431	1
4432	5
4433	4
4434	2
4435	3
4436	4
4437	4
4438	4
4439	3
4440	6
4441	2
4442	4
4443	0
4444	1
4445	3
4446	5
4447	1
4448	6
4449	4
4450	3
4451	5
4452	7
4453	5
4454	5
4455	1
4456	6
4457	4
4458	3
4459	1
4460	5
4461	4
4462	2
4463	4
4464	1
4465	4
4466	2
4467	5
4468	6
4469	4
4470	3
4471	3
4472	4
4473	3
4474	2
4475	5
4476	1
4477	3
4478	4
4479	6
4480	5
4481	6
4482	3
4483	7
4484	3
4485	5
4486	8
4487	0
4488	4
4489	4
4490	5
4491	2
4492	5
4493	2
4494	1
4495	2
4496	1
4497	4
4498	4
4499	4
4500	0
4501	3
4502	3
4503	3
4504	3
4505	8
4506	5
4507	2
4508	2
4509	2
4510	2
4511	3
4512	5
4513	3
4514	1
4515	6
4516	1
4517	4
4518	4
4519	2
4520	2
4521	4
4522	2
4523	1
4524	2
4525	4
4526	4
4527	3
4528	6
4529	3
4530	4
4531	5
4532	6
4533	3
4534	3
4535	2
4536	7
4537	4
4538	5
4539	4
4540	1
4541	2
4542	0
4543	4
4544	6
4545	5
4546	3
4547	3
4548	3
4549	4
4550	4
4551	2
4552	3
4553	5
4554	5
4555	2
4556	2
4557	5
4558	2
4559	3
4560	5
4561	1
4562	2
4563	1
4564	1
4565	5
4566	4
4567	1
4568	3
4569	3
4570	6
4571	3
4572	6
4573	2
4574	4
4575	5
4576	3
4577	3
4578	3
4579	2
4580	4
4581	4
4582	6
4583	2
4584	1
4585	1
4586	5
4587	6
4588	2
4589	4
4590	4
4591	1
4592	4
4593	4
4594	3
4595	2
4596	3
4597	5
4598	1
4599	3
4600	2
4601	1
4602	3
4603	2
4604	4
4605	4
4606	6
4607	2
4608	6
4609	7
4610	2
4611	5
4612	4
4613	3
4614	1
4615	3
4616	2
4617	2
4618	5
4619	3
4620	1
4621	4
4622	4
4623	6
4624	4
4625	3
4626	0
4627	3
4628	3
4629	2
4630	4
4631	3
4632	5
4633	2
4634	3
4635	1
4636	1
4637	5
4638	3
4639	4
4640	5
4641	4
4642	5
4643	3
4644	5
4645	3
4646	1
4647	7
4648	4
4649	4
4650	4
4651	1
4652	3
4653	2
4654	4
4655	2
4656	2
4657	4
4658	5
4659	3
4660	4
4661	3
4662	3
4663	4
4664	3
4665	1
4666	4
4667	5
4668	2
4669	2
4670	1
4671	2
4672	3
4673	3
4674	2
4675	3
4676	2
4677	2
4678	3
4679	5
4680	6
4681	4
4682	1
4683	3
4684	5
4685	1
4686	0
4687	1
4688	1
4689	3
4690	6
4691	5
4692	3
4693	5
4694	1
4695	2
4696	3
4697	3
4698	1
4699	1
4700	6
4701	6
4702	3
4703	1
4704	3
4705	1
4706	4
4707	1
4708	6
4709	2
4710	1
4711	1
4712	5
4713	0
4714	5
4715	2
4716	4
4717	7
4718	1
4719	2
4720	3
4721	1
4722	3
4723	3
4724	8
4725	2
4726	1
4727	3
4728	4
4729	0
4730	3
4731	2
4732	3
4733	5
4734	5
4735	1
4736	4
4737	1
4738	3
4739	6
4740	7
4741	2
4742	2
4743	4
4744	4
4745	3
4746	4
4747	0
4748	1
4749	1
4750	4
4751	0
4752	2
4753	2
4754	1
4755	6
4756	3
4757	4
4758	3
4759	3
4760	1
4761	3
4762	3
4763	5
4764	1
4765	4
4766	4
4767	5
4768	4
4769	2
4770	1
4771	4
4772	2
4773	1
4774	2
4775	1
4776	1
4777	0
4778	1
4779	2
4780	2
4781	3
4782	4
4783	5
4784	4
4785	6
4786	2
4787	1
4788	4
4789	6
4790	2
4791	2
4792	4
4793	1
4794	5
4795	1
4796	4
4797	4
4798	1
4799	1
4800	2
4801	2
4802	1
4803	4
4804	1
4805	3
4806	3
4807	4
4808	1
4809	2
4810	3
4811	3
4812	1
4813	5
4814	1
4815	3
4816	2
4817	2
4818	3
4819	5
4820	1
4821	3
4822	3
4823	1
4824	3
4825	3
4826	3
4827	1
4828	4
4829	3
4830	2
4831	2
4832	2
4833	0
4834	3
4835	4
4836	5
4837	0
4838	2
4839	2
4840	3
4841	1
4842	4
4843	1
4844	3
4845	3
4846	4
4847	3
4848	2
4849	1
4850	4
4851	1
4852	4
4853	2
4854	2
4855	2
4856	3
4857	2
4858	2
4859	0
4860	0
4861	4
4862	0
4863	5
4864	4
4865	2
4866	2
4867	1
4868	1
4869	3
4870	2
4871	1
4872	1
4873	3
4874	0
4875	2
4876	2
4877	5
4878	1
4879	0
4880	2
4881	2
4882	4
4883	1
4884	3
4885	1
4886	2
4887	5
4888	2
4889	2
4890	0
4891	4
4892	2
4893	2
4894	0
4895	0
4896	2
4897	2
4898	1
4899	2
4900	2
4901	0
4902	4
4903	3
4904	4
4905	7
4906	1
4907	1
4908	3
4909	1
4910	4
4911	0
4912	1
4913	5
4914	3
4915	3
4916	4
4917	3
4918	4
4919	4
4920	3
4921	3
4922	2
4923	2
4924	2
4925	4
4926	1
4927	3
4928	3
4929	2
4930	4
4931	4
4932	0
4933	0
4934	4
4935	3
4936	2
4937	1
4938	1
4939	4
4940	1
4941	3
4942	1
4943	0
4944	4
4945	6
4946	2
4947	1
4948	4
4949	0
4950	3
4951	2
4952	4
4953	1
4954	2
4955	2
4956	1
4957	4
4958	2
4959	0
4960	2
4961	1
4962	4
4963	1
4964	1
4965	2
4966	3
4967	1
4968	4
4969	3
4970	0
4971	1
4972	3
4973	2
4974	3
4975	4
4976	3
4977	3
4978	3
4979	0
4980	2
4981	0
4982	1
4983	0
4984	3
4985	1
4986	1
4987	4
4988	2
4989	0
4990	7
4991	3
4992	3
4993	2
4994	2
4995	0
4996	0
4997	1
4998	1
4999	2
5000	3
5001	1
5002	0
5003	1
5004	2
5005	3
5006	3
5007	0
5008	0
5009	4
5010	0
5011	1
5012	3
5013	5
5014	2
5015	0
5016	1
5017	2
5018	2
5019	2
5020	1
5021	1
5022	4
5023	5
5024	1
5025	0
5026	1
5027	2
5028	0
5029	1
5030	3
5031	0
5032	1
5033	2
5034	2
5035	2
5036	1
5037	3
5038	4
5039	3
5040	0
5041	1
5042	0
5043	1
5044	4
5045	1
5046	0
5047	2
5048	3
5049	4
5050	3
5051	3
5052	2
5053	5
5054	4
5055	0
5056	4
5057	1
5058	1
5059	6
5060	0
5061	5
5062	2
5063	2
5064	4
5065	3
5066	1
5067	7
5068	1
5069	4
5070	3
5071	3
5072	3
5073	4
5074	2
5075	3
5076	4
5077	3
5078	3
5079	2
5080	2
5081	2
5082	1
5083	2
5084	1
5085	5
5086	5
5087	1
5088	1
5089	1
5090	1
5091	3
5092	6
5093	1
5094	3
5095	1
5096	1
5097	3
5098	4
5099	3
5100	4
5101	0
5102	0
5103	5
5104	1
5105	1
5106	2
5107	2
5108	2
5109	1
5110	3
5111	2
5112	1
5113	1
5114	3
5115	0
5116	2
5117	1
5118	0
5119	1
5120	1
5121	2
5122	1
5123	1
5124	1
5125	2
5126	2
5127	1
5128	3
5129	3
5130	0
5131	2
5132	1
5133	2
5134	2
5135	1
5136	3
5137	2
5138	2
5139	2
5140	0
5141	3
5142	1
5143	5
5144	0
5145	0
5146	1
5147	1
5148	1
5149	1
5150	0
5151	3
5152	2
5153	0
5154	0
5155	1
5156	1
5157	1
5158	1
5159	2
5160	1
5161	2
5162	2
5163	1
5164	3
5165	3
5166	2
5167	2
5168	1
5169	0
5170	2
5171	2
5172	2
5173	3
5174	3
5175	1
5176	6
5177	3
5178	2
5179	2
5180	4
5181	4
5182	1
5183	1
5184	2
5185	2
5186	2
5187	2
5188	1
5189	3
5190	1
5191	1
5192	3
5193	2
5194	2
5195	1
5196	3
5197	2
5198	1
5199	4
5200	1
5201	1
5202	1
5203	2
5204	2
5205	2
5206	3
5207	3
5208	2
5209	2
5210	1
5211	3
5212	1
5213	1
5214	1
5215	3
5216	2
5217	2
5218	5
5219	2
5220	1
5221	0
5222	1
5223	2
5224	0
5225	2
5226	2
5227	3
5228	1
5229	2
5230	1
5231	4
5232	0
5233	5
5234	2
5235	0
5236	1
5237	2
5238	5
5239	2
5240	1
5241	1
5242	0
5243	1
5244	2
5245	1
5246	3
5247	0
5248	1
5249	1
5250	3
5251	1
5252	3
5253	0
5254	3
5255	5
5256	4
5257	1
5258	0
5259	3
5260	1
5261	1
5262	0
5263	3
5264	1
5265	2
5266	1
5267	0
5268	2
5269	3
5270	4
5271	1
5272	2
5273	1
5274	1
5275	1
5276	1
5277	0
5278	3
5279	2
5280	0
5281	2
5282	2
5283	2
5284	3
5285	0
5286	1
5287	1
5288	3
5289	0
5290	2
5291	2
5292	3
5293	0
5294	1
5295	2
5296	1
5297	1
5298	1
5299	1
5300	1
5301	2
5302	2
5303	3
5304	0
5305	1
5306	0
5307	2
5308	1
5309	0
5310	0
5311	2
5312	4
5313	1
5314	3
5315	3
5316	2
5317	1
5318	2
5319	4
5320	5
5321	1
5322	1
5323	2
5324	3
5325	0
5326	3
5327	2
5328	2
5329	2
5330	1
5331	3
5332	1
5333	1
5334	1
5335	4
5336	2
5337	3
5338	1
5339	4
5340	1
5341	1
5342	1
5343	3
5344	1
5345	2
5346	0
5347	1
5348	2
5349	0
5350	0
5351	2
5352	0
5353	2
5354	0
5355	2
5356	1
5357	1
5358	0
5359	1
5360	0
5361	0
5362	3
5363	0
5364	1
5365	2
5366	1
5367	1
5368	2
5369	2
5370	0
5371	0
5372	3
5373	2
5374	0
5375	1
5376	0
5377	2
5378	1
5379	1
5380	1
5381	1
5382	2
5383	1
5384	7
5385	1
5386	0
5387	3
5388	1
5389	3
5390	3
5391	1
5392	1
5393	1
5394	4
5395	3
5396	1
5397	3
5398	2
5399	1
5400	2
5401	1
5402	2
5403	0
5404	2
5405	2
5406	1
5407	1
5408	0
5409	2
5410	1
5411	3
5412	1
5413	2
5414	1
5415	1
5416	2
5417	4
5418	0
5419	0
5420	1
5421	0
5422	1
5423	1
5424	3
5425	4
5426	2
5427	1
5428	1
5429	0
5430	1
5431	2
5432	0
5433	0
5434	1
5435	0
5436	2
5437	1
5438	2
5439	2
5440	0
5441	3
5442	1
5443	0
5444	0
5445	2
5446	2
5447	2
5448	2
5449	1
5450	2
5451	2
5452	2
5453	2
5454	1
5455	3
5456	2
5457	1
5458	5
5459	2
5460	1
5461	1
5462	1
5463	0
5464	0
5465	0
5466	1
5467	1
5468	1
5469	1
5470	0
5471	2
5472	2
5473	2
5474	2
5475	1
5476	0
5477	1
5478	0
5479	1
5480	1
5481	0
5482	1
5483	4
5484	0
5485	0
5486	1
5487	0
5488	1
5489	1
5490	0
5491	4
5492	3
5493	2
5494	2
5495	0
5496	2
5497	3
5498	2
5499	0
5500	1
5501	2
5502	0
5503	1
5504	0
5505	2
5506	0
5507	3
5508	1
5509	1
5510	2
5511	1
5512	2
5513	0
5514	2
5515	3
5516	3
5517	1
5518	3
5519	1
5520	0
5521	1
5522	1
5523	1
5524	4
5525	0
5526	1
5527	5
5528	0
5529	2
5530	2
5531	0
5532	1
5533	3
5534	1
5535	2
5536	1
5537	0
5538	2
5539	0
5540	0
5541	0
5542	2
5543	1
5544	1
5545	1
5546	2
5547	1
5548	1
5549	1
5550	1
5551	0
5552	2
5553	0
5554	0
5555	0
5556	0
5557	0
5558	0
5559	2
5560	3
5561	0
5562	0
5563	3
5564	2
5565	3
5566	2
5567	2
5568	0
5569	0
5570	2
5571	1
5572	1
5573	1
5574	0
5575	2
5576	1
5577	0
5578	2
5579	0
5580	2
5581	2
5582	1
5583	1
5584	1
5585	1
5586	0
5587	0
5588	2
5589	3
5590	1
5591	0
5592	0
5593	1
5594	1
5595	3
5596	3
5597	0
5598	4
5599	1
5600	4
5601	0
5602	0
5603	0
5604	0
5605	0
5606	1
5607	0
5608	2
5609	3
5610	1
5611	3
5612	1
5613	2
5614	1
5615	0
5616	2
5617	0
5618	0
5619	2
5620	0
5621	1
5622	2
5623	0
5624	1
5625	0
5626	1
5627	0
5628	1
5629	0
5630	1
5631	0
5632	1
5633	1
5634	1
5635	2
5636	0
5637	2
5638	0
5639	2
5640	1
5641	2
5642	0
5643	0
5644	1
5645	0
5646	1
5647	1
5648	4
5649	1
5650	2
5651	0
5652	3
5653	2
5654	1
5655	0
5656	1
5657	2
5658	1
5659	1
5660	0
5661	1
5662	2
5663	1
5664	2
5665	1
5666	0
5667	1
5668	2
5669	1
5670	3
5671	0
5672	0
5673	0
5674	1
5675	2
5676	0
5677	1
5678	2
5679	0
5680	1
5681	1
5682	0
5683	0
5684	0
5685	0
5686	1
5687	4
5688	2
5689	0
5690	0
5691	0
5692	2
5693	1
5694	1
5695	2
5696	0
5697	1
5698	1
5699	1
5700	0
5701	2
5702	2
5703	1
5704	2
5705	0
5706	2
5707	0
5708	1
5709	3
5710	2
5711	1
5712	4
5713	1
5714	2
5715	0
5716	1
5717	0
5718	0
5719	0
5720	0
5721	1
5722	1
5723	1
5724	1
5725	1
5726	0
5727	1
5728	0
5729	1
5730	0
5731	0
5732	2
5733	1
5734	1
5735	0
5736	0
5737	0
5738	2
5739	1
5740	0
5741	1
5742	1
5743	0
5744	2
5745	0
5746	2
5747	0
5748	0
5749	1
5750	2
5751	1
5752	0
5753	0
5754	1
5755	3
5756	3
5757	0
5758	0
5759	1
5760	2
5761	1
5762	1
5763	1
5764	3
5765	1
5766	0
5767	0
5768	2
5769	0
5770	1
5771	0
5772	2
5773	0
5774	1
5775	1
5776	1
5777	2
5778	1
5779	2
5780	2
5781	1
5782	1
5783	0
5784	1
5785	0
5786	1
5787	0
5788	2
5789	0
5790	1
5791	0
5792	0
5793	3
5794	2
5795	1
5796	2
5797	1
5798	0
5799	2
5800	1
5801	0
5802	1
5803	2
5804	1
5805	2
5806	3
5807	1
5808	0
5809	3
5810	1
5811	2
5812	0
5813	1
5814	0
5815	1
5816	2
5817	1
5818	2
5819	4
5820	1
5821	0
5822	1
5823	1
5824	0
5825	3
5826	0
5827	1
5828	0
5829	0
5830	1
5831	1
5832	1
5833	1
5834	1
5835	0
5836	0
5837	1
5838	2
5839	1
5840	0
5841	3
5842	2
5843	3
5844	3
5845	0
5846	0
5847	1
5848	0
5849	0
5850	0
5851	2
5852	0
5853	0
5854	0
5855	1
5856	0
5857	1
5858	2
5859	0
5860	3
5861	1
5862	3
5863	0
5864	1
5865	2
5866	3
5867	1
5868	0
5869	3
5870	4
5871	0
5872	1
5873	0
5874	2
5875	0
5876	1
5877	1
5878	0
5879	2
5880	0
5881	1
5882	0
5883	0
5884	1
5885	0
5886	0
5887	3
5888	0
5889	1
5890	1
5891	0
5892	1
5893	1
5894	0
5895	2
5896	0
5897	1
5898	0
5899	0
5900	1
5901	1
5902	0
5903	1
5904	1
5905	0
5906	0
5907	1
5908	1
5909	0
5910	0
5911	0
5912	0
5913	1
5914	0
5915	1
5916	0
5917	1
5918	2
5919	0
5920	0
5921	1
5922	2
5923	0
5924	0
5925	1
5926	2
5927	0
5928	0
5929	3
5930	1
5931	0
5932	1
5933	0
5934	0
5935	1
5936	2
5937	2
5938	1
5939	1
5940	0
5941	1
5942	2
5943	2
5944	1
5945	0
5946	0
5947	1
5948	0
5949	0
5950	1
5951	0
5952	0
5953	0
5954	1
5955	0
5956	2
5957	3
5958	1
5959	0
5960	2
5961	0
5962	0
5963	1
5964	3
5965	1
5966	0
5967	0
5968	0
5969	1
5970	0
5971	2
5972	0
5973	1
5974	1
5975	0
5976	0
5977	0
5978	1
5979	0
5980	1
5981	0
5982	1
5983	0
5984	0
5985	0
5986	0
5987	0
5988	0
5989	4
5990	1
5991	0
5992	0
5993	1
5994	0
5995	0
5996	0
5997	1
5998	0
5999	0
6000	1
6001	1
6002	0
6003	0
6004	1
6005	0
6006	0
6007	1
6008	0
6009	0
6010	0
6011	0
6012	0
6013	1
6014	2
6015	0
6016	1
6017	0
6018	1
6019	0
6020	0
6021	0
6022	1
6023	2
6024	0
6025	1
6026	1
6027	0
6028	1
6029	1
6030	1
6031	1
6032	0
6033	0
6034	0
6035	0
6036	2
6037	0
6038	2
6039	2
6040	0
6041	0
6042	0
6043	0
6044	0
6045	0
6046	0
6047	0
6048	0
6049	1
6050	2
6051	0
6052	1
6053	1
6054	1
6055	1
6056	1
6057	1
6058	1
6059	0
6060	1
6061	0
6062	3
6063	0
6064	0
6065	0
6066	2
6067	0
6068	0
6069	0
6070	0
6071	3
6072	0
6073	0
6074	2
6075	0
6076	1
6077	1
6078	2
6079	0
6080	0
6081	0
6082	0
6083	1
6084	0
6085	2
6086	0
6087	0
6088	1
6089	1
6090	0
6091	0
6092	1
6093	0
6094	1
6095	0
6096	0
6097	0
6098	3
6099	0
6100	0
6101	0
6102	0
6103	1
6104	1
6105	0
6106	0
6107	1
6108	0
6109	0
6110	0
6111	1
6112	0
6113	0
6114	0
6115	1
6116	1
6117	0
6118	1
6119	0
6120	0
6121	1
6122	0
6123	0
6124	0
6125	0
6126	0
6127	0
6128	2
6129	0
6130	0
6131	1
6132	1
6133	3
6134	1
6135	1
6136	2
6137	0
6138	0
6139	0
6140	0
6141	1
6142	1
6143	2
6144	1
6145	2
6146	2
6147	0
6148	1
6149	0
6150	0
6151	0
6152	0
6153	0
6154	1
6155	1
6156	0
6157	0
6158	0
6159	0
6160	1
6161	0
6162	1
6163	0
6164	1
6165	1
6166	1
6167	0
6168	1
6169	0
6170	1
6171	0
6172	1
6173	0
6174	1
6175	0
6176	0
6177	0
6178	0
6179	1
6180	0
6181	0
6182	0
6183	0
6184	0
6185	0
6186	1
6187	0
6188	0
6189	0
6190	0
6191	2
6192	1
6193	1
6194	0
6195	0
6196	0
6197	0
6198	0
6199	1
6200	0
6201	0
6202	0
6203	0
6204	0
6205	0
6206	0
6207	1
6208	1
6209	0
6210	0
6211	2
6212	0
6213	1
6214	0
6215	2
6216	1
6217	1
6218	1
6219	1
6220	0
6221	0
6222	3
6223	2
6224	0
6225	0
6226	0
6227	1
6228	0
6229	0
6230	0
6231	0
6232	1
6233	0
6234	1
6235	2
6236	0
6237	3
6238	0
6239	0
6240	0
6241	1
6242	0
6243	0
6244	0
6245	0
6246	0
6247	0
6248	0
6249	0
6250	1
6251	0
6252	1
6253	1
6254	1
6255	1
6256	1
6257	1
6258	0
6259	1
6260	0
6261	2
6262	0
6263	1
6264	0
6265	2
6266	0
6267	0
6268	0
6269	0
6270	0
6271	0
6272	1
6273	0
6274	0
6275	0
6276	0
6277	1
6278	0
6279	1
6280	0
6281	0
6282	0
6283	0
6284	0
6285	0
6286	1
6287	0
6288	0
6289	2
6290	0
6291	0
6292	0
6293	1
6294	1
6295	0
6296	2
6297	1
6298	1
6299	1
6300	1
6301	1
6302	0
6303	1
6304	1
6305	2
6306	0
6307	0
6308	0
6309	0
6310	0
6311	0
6312	1
6313	0
6314	0
6315	0
6316	0
6317	1
6318	0
6319	1
6320	1
6321	0
6322	1
6323	1
6324	1
6325	0
6326	1
6327	0
6328	0
6329	0
6330	0
6331	0
6332	0
6333	0
6334	0
6335	0
6336	0
6337	0
6338	0
6339	0
6340	2
6341	0
6342	0
6343	1
6344	0
6345	1
6346	0
6347	0
6348	0
6349	1
6350	0
6351	0
6352	0
6353	0
6354	0
6355	1
6356	2
6357	1
6358	0
6359	0
6360	0
6361	0
6362	0
6363	0
6364	0
6365	0
6366	0
6367	2
6368	0
6369	1
6370	0
6371	0
6372	0
6373	0
6374	1
6375	0
6376	0
6377	1
6378	1
6379	3
6380	0
6381	0
6382	0
6383	0
6384	0
6385	0
6386	1
6387	0
6388	0
6389	0
6390	1
6391	1
6392	0
6393	0
6394	0
6395	0
6396	1
6397	1
6398	0
6399	1
6400	0
6401	0
6402	1
6403	0
6404	0
6405	0
6406	1
6407	0
6408	0
6409	2
6410	1
6411	0
6412	0
6413	0
6414	1
6415	1
6416	0
6417	1
6418	2
6419	2
6420	0
6421	1
6422	0
6423	1
6424	0
6425	0
6426	0
6427	0
6428	0
6429	0
6430	0
6431	1
6432	0
6433	1
6434	0
6435	0
6436	0
6437	0
6438	0
6439	0
6440	0
6441	0
6442	0
6443	1
6444	0
6445	0
6446	0
6447	1
6448	1
6449	0
6450	0
6451	1
6452	0
6453	0
6454	0
6455	1
6456	1
6457	0
6458	0
6459	0
6460	0
6461	1
6462	1
6463	0
6464	0
6465	0
6466	0
6467	0
6468	0
6469	3
6470	0
6471	0
6472	0
6473	1
6474	0
6475	0
6476	0
6477	1
6478	0
6479	1
6480	1
6481	0
6482	0
6483	0
6484	1
6485	0
6486	1
6487	0
6488	0
6489	1
6490	0
6491	0
6492	0
6493	0
6494	0
6495	0
6496	1
6497	1
6498	0
6499	1
6500	0
6501	2
6502	1
6503	0
6504	0
6505	0
6506	0
6507	1
6508	0
6509	0
6510	0
6511	0
6512	0
6513	0
6514	1
6515	1
6516	0
6517	1
6518	0
6519	2
6520	1
6521	0
6522	1
6523	2
6524	1
6525	1
6526	0
6527	0
6528	0
6529	0
6530	0
6531	0
6532	0
6533	1
6534	0
6535	0
6536	0
6537	0
6538	1
6539	0
6540	0
6541	0
6542	1
6543	0
6544	1
6545	1
6546	0
6547	1
6548	0
6549	0
6550	0
6551	0
6552	1
6553	0
6554	0
6555	0
6556	0
6557	0
6558	0
6559	1
6560	0
6561	0
6562	0
6563	0
6564	0
6565	0
6566	0
6567	1
6568	0
6569	0
6570	0
6571	0
6572	0
6573	0
6574	0
6575	0
6576	0
6577	0
6578	1
6579	0
6580	1
6581	0
6582	0
6583	1
6584	0
6585	0
6586	0
6587	1
6588	0
6589	0
6590	0
6591	0
6592	0
6593	0
6594	0
6595	2
6596	0
6597	1
6598	1
6599	0
6600	0
6601	0
6602	1
6603	0
6604	0
6605	0
6606	0
6607	0
6608	0
6609	0
6610	1
6611	0
6612	1
6613	0
6614	0
6615	0
6616	0
6617	0
6618	0
6619	0
6620	0
6621	1
6622	1
6623	1
6624	0
6625	0
6626	0
6627	0
6628	0
6629	1
6630	0
6631	0
6632	0
6633	0
6634	0
6635	0
6636	1
6637	0
6638	0
6639	0
6640	0
6641	0
6642	0
6643	0
6644	0
6645	0
6646	0
6647	0
6648	0
6649	0
6650	0
6651	0
6652	2
6653	1
6654	0
6655	0
6656	0
6657	0
6658	0
6659	1
6660	0
6661	0
6662	0
6663	0
6664	1
6665	0
6666	1
6667	0
6668	1
6669	0
6670	0
6671	0
6672	0
6673	1
6674	0
6675	0
6676	0
6677	0
6678	1
6679	0
6680	0
6681	0
6682	0
6683	0
6684	1
6685	0
6686	0
6687	0
6688	0
6689	1
6690	0
6691	0
6692	0
6693	0
6694	1
6695	0
6696	2
6697	0
6698	1
6699	0
6700	1
6701	0
6702	0
6703	0
6704	0
6705	0
6706	0
6707	0
6708	0
6709	0
6710	0
6711	0
6712	0
6713	1
6714	0
6715	2
6716	0
6717	0
6718	0
6719	0
6720	1
6721	0
6722	1
6723	1
6724	0
6725	0
6726	0
6727	0
6728	0
6729	0
6730	0
6731	1
6732	0
6733	0
6734	0
6735	0
6736	0
6737	0
6738	0
6739	1
6740	0
6741	0
6742	0
6743	0
6744	0
6745	1
6746	1
6747	0
6748	1
6749	0
6750	0
6751	0
6752	0
6753	0
6754	0
6755	0
6756	0
6757	0
6758	0
6759	0
6760	0
6761	0
6762	1
6763	0
6764	0
6765	1
6766	0
6767	0
6768	0
6769	1
6770	2
6771	0
6772	0
6773	0
6774	0
6775	0
6776	1
6777	1
6778	0
6779	1
6780	0
6781	1
6782	0
6783	1
6784	0
6785	0
6786	1
6787	0
6788	0
6789	0
6790	0
6791	1
6792	0
6793	0
6794	0
6795	0
6796	0
6797	1
6798	0
6799	0
6800	0
6801	0
6802	0
6803	0
6804	0
6805	0
6806	0
6807	0
6808	0
6809	0
6810	0
6811	0
6812	0
6813	0
6814	0
6815	0
6816	0
6817	0
6818	1
6819	1
6820	1
6821	1
6822	0
6823	0
6824	0
6825	1
6826	0
6827	0
6828	0
6829	1
6830	1
6831	1
6832	0
6833	1
6834	0
6835	0
6836	1
6837	0
6838	1
6839	0
6840	0
6841	0
6842	0
6843	0
6844	0
6845	0
6846	0
6847	1
6848	0
6849	0
6850	1
6851	0
6852	0
6853	1
6854	0
6855	0
6856	0
6857	0
6858	1
6859	1
6860	0
6861	0
6862	1
6863	0
6864	0
6865	0
6866	0
6867	0
6868	0
6869	0
6870	0
6871	1
6872	0
6873	0
6874	0
6875	0
6876	0
6877	0
6878	0
6879	0
6880	0
6881	0
6882	0
6883	0
6884	1
6885	0
6886	1
6887	0
6888	1
6889	0
6890	0
6891	1
6892	2
6893	1
6894	0
6895	0
6896	0
6897	0
6898	0
6899	0
6900	2
6901	0
6902	1
6903	1
6904	0
6905	0
6906	0
6907	0
6908	0
6909	0
6910	1
6911	0
6912	0
6913	0
6914	0
6915	0
6916	0
6917	0
6918	0
6919	0
6920	0
6921	0
6922	0
6923	1
6924	0
6925	0
6926	0
6927	1
6928	0
6929	0
6930	0
6931	1
6932	1
6933	0
6934	0
6935	0
6936	0
6937	0
6938	0
6939	0
6940	0
6941	0
6942	1
6943	0
6944	1
6945	0
6946	0
6947	0
6948	0
6949	0
6950	0
6951	0
6952	1
6953	0
6954	0
6955	1
6956	0
6957	0
6958	0
6959	0
6960	1
6961	0
6962	0
6963	0
6964	1
6965	0
6966	0
6967	0
6968	1
6969	0
6970	1
6971	0
6972	0
6973	0
6974	0
6975	0
6976	0
6977	0
6978	0
6979	0
6980	0
6981	0
6982	0
6983	0
6984	1
6985	0
6986	0
6987	0
6988	0
6989	0
6990	0
6991	0
6992	0
6993	0
6994	1
6995	0
6996	1
6997	0
6998	0
6999	0
7000	0
7001	0
7002	1
7003	0
7004	0
7005	1
7006	0
7007	0
7008	0
7009	1
7010	1
7011	0
7012	0
7013	0
7014	0
7015	0
7016	0
7017	0
7018	0
7019	0
7020	1
7021	0
7022	0
7023	0
7024	0
7025	0
7026	0
7027	0
7028	0
7029	0
7030	0
7031	0
7032	0
7033	0
7034	0
7035	0
7036	0
7037	0
7038	0
7039	0
7040	0
7041	0
7042	0
7043	0
7044	0
7045	0
7046	0
7047	0
7048	0
7049	0
7050	0
7051	0
7052	0
7053	0
7054	0
7055	0
7056	0
7057	0
7058	1
7059	1
7060	0
7061	0
7062	1
7063	0
7064	1
7065	0
7066	0
7067	0
7068	0
7069	0
7070	0
7071	0
7072	0
7073	0
7074	0
7075	0
7076	0
7077	0
7078	1
7079	0
7080	0
7081	1
7082	0
7083	0
7084	0
7085	0
7086	0
7087	1
7088	1
7089	0
7090	1
7091	0
7092	0
7093	0
7094	0
7095	0
7096	0
7097	0
7098	0
7099	0
7100	0
7101	0
7102	0
7103	0
7104	0
7105	0
7106	0
7107	1
7108	0
7109	0
7110	0
7111	0
7112	1
7113	0
7114	0
7115	1
7116	0
7117	0
7118	0
7119	0
7120	1
7121	0
7122	1
7123	0
7124	0
7125	0
7126	0
7127	0
7128	0
7129	0
7130	1
7131	0
7132	0
7133	1
7134	0
7135	0
7136	0
7137	1
7138	0
7139	0
7140	0
7141	0
7142	0
7143	0
7144	0
7145	0
7146	0
7147	0
7148	0
7149	0
7150	0
7151	0
7152	0
7153	0
7154	0
7155	0
7156	1
7157	0
7158	0
7159	0
7160	0
7161	1
7162	1
7163	0
7164	0
7165	1
7166	0
7167	1
7168	0
7169	1
7170	0
7171	0
7172	0
7173	1
7174	0
7175	0
7176	0
7177	0
7178	0
7179	0
7180	0
7181	0
7182	0
7183	2
7184	0
7185	0
7186	0
7187	0
7188	0
7189	0
7190	0
7191	1
7192	0
7193	0
7194	1
7195	0
7196	1
7197	0
7198	0
7199	0
7200	0
7201	0
7202	0
7203	0
7204	0
7205	0
7206	1
7207	0
7208	0
7209	0
7210	0
7211	0
7212	0
7213	0
7214	0
7215	0
7216	0
7217	0
7218	0
7219	0
7220	1
7221	0
7222	0
7223	0
7224	0
7225	0
7226	0
7227	0
7228	0
7229	0
7230	1
7231	0
7232	1
7233	0
7234	0
7235	0
7236	0
7237	1
7238	1
7239	0
7240	0
7241	0
7242	0
7243	1
7244	0
7245	0
7246	0
7247	0
7248	0
7249	0
7250	0
7251	0
7252	0
7253	0
7254	0
7255	0
7256	1
7257	0
7258	0
7259	0
7260	0
7261	0
7262	0
7263	1
7264	0
7265	0
7266	0
7267	0
7268	0
7269	0
7270	0
7271	0
7272	0
7273	1
7274	0
7275	0
7276	0
7277	0
7278	0
7279	0
7280	0
7281	0
7282	0
7283	0
7284	0
7285	0
7286	0
7287	1
7288	1
7289	0
7290	0
7291	0
7292	0
7293	1
7294	0
7295	0
7296	0
7297	0
7298	0
7299	0
7300	0
7301	1
7302	0
7303	0
7304	0
7305	1
7306	0
7307	0
7308	0
7309	0
7310	0
7311	0
7312	0
7313	0
7314	0
7315	0
7316	0
7317	0
7318	0
7319	0
7320	0
7321	0
7322	0
7323	0
7324	0
7325	0
7326	0
7327	0
7328	0
7329	0
7330	0
7331	0
7332	0
7333	0
7334	0
7335	0
7336	1
7337	0
7338	0
7339	0
7340	1
7341	0
7342	0
7343	0
7344	1
7345	0
7346	0
7347	0
7348	0
7349	0
7350	0
7351	0
7352	0
7353	0
7354	1
7355	0
7356	0
7357	0
7358	0
7359	0
7360	1
7361	1
7362	0
7363	0
7364	0
7365	0
7366	0
7367	0
7368	0
7369	0
7370	0
7371	0
7372	0
7373	0
7374	0
7375	0
7376	0
7377	0
7378	0
7379	0
7380	0
7381	0
7382	0
7383	0
7384	0
7385	0
7386	0
7387	0
7388	0
7389	0
7390	0
7391	0
7392	0
7393	0
7394	1
7395	1
7396	0
7397	0
7398	1
7399	0
7400	0
7401	2
7402	0
7403	0
7404	0
7405	0
7406	0
7407	0
7408	0
7409	0
7410	0
7411	0
7412	0
7413	0
7414	0
7415	0
7416	0
7417	1
7418	0
7419	0
7420	0
7421	0
7422	0
7423	0
7424	0
7425	0
7426	0
7427	0
7428	0
7429	0
7430	0
7431	1
7432	0
7433	0
7434	0
7435	0
7436	0
7437	1
7438	0
7439	0
7440	0
7441	0
7442	0
7443	0
7444	0
7445	1
7446	0
7447	0
7448	0
7449	0
7450	0
7451	0
7452	0
7453	0
7454	0
7455	0
7456	0
7457	0
7458	0
7459	0
7460	0
7461	0
7462	0
7463	0
7464	0
7465	0
7466	0
7467	0
7468	0
7469	0
7470	0
7471	1
7472	0
7473	0
7474	0
7475	0
7476	0
7477	0
7478	0
7479	0
7480	0
7481	0
7482	1
7483	0
7484	0
7485	0
7486	0
7487	0
7488	0
7489	0
7490	0
7491	0
7492	0
7493	0
7494	0
7495	0
7496	0
7497	0
7498	0
7499	0
7500	0
7501	0
7502	0
7503	0
7504	0
7505	1
7506	0
7507	1
7508	0
7509	0
7510	0
7511	0
7512	0
7513	0
7514	0
7515	0
7516	0
7517	0
7518	1
7519	0
7520	1
7521	0
7522	0
7523	0
7524	0
7525	0
7526	0
7527	0
7528	0
7529	1
7530	0
7531	0
7532	0
7533	0
7534	0
7535	0
7536	0
7537	1
7538	0
7539	0
7540	0
7541	0
7542	0
7543	0
7544	0
7545	0
7546	0
7547	0
7548	0
7549	0
7550	0
7551	0
7552	0
7553	0
7554	0
7555	0
7556	1
7557	0
7558	0
7559	0
7560	0
7561	1
7562	0
7563	0
7564	0
7565	0
7566	0
7567	0
7568	0
7569	0
7570	0
7571	0
7572	0
7573	0
7574	0
7575	0
7576	0
7577	0
7578	0
7579	0
7580	0
7581	0
7582	0
7583	0
7584	0
7585	0
7586	0
7587	0
7588	0
7589	0
7590	0
7591	0
7592	0
7593	0
7594	0
7595	0
7596	0
7597	0
7598	0
7599	0
7600	0
7601	0
7602	0
7603	0
7604	0
7605	1
7606	0
7607	0
7608	0
7609	0
7610	0
7611	1
7612	0
7613	1
7614	0
7615	0
7616	0
7617	0
7618	0
7619	0
7620	0
7621	0
7622	0
7623	0
7624	0
7625	0
7626	0
7627	0
7628	0
7629	0
7630	0
7631	0
7632	0
7633	0
7634	0
7635	0
7636	0
7637	0
7638	0
7639	1
7640	0
7641	0
7642	1
7643	0
7644	0
7645	0
7646	0
7647	0
7648	0
7649	0
7650	0
7651	0
7652	0
7653	0
7654	0
7655	0
7656	2
7657	0
7658	0
7659	0
7660	0
7661	0
7662	0
7663	0
7664	0
7665	0
7666	0
7667	0
7668	0
7669	0
7670	0
7671	0
7672	0
7673	0
7674	0
7675	0
7676	0
7677	0
7678	0
7679	0
7680	0
7681	1
7682	0
7683	0
7684	0
7685	0
7686	0
7687	0
7688	0
7689	0
7690	0
7691	0
7692	0
7693	0
7694	0
7695	1
7696	0
7697	0
7698	0
7699	0
7700	0
7701	0
7702	0
7703	0
7704	1
7705	0
7706	0
7707	1
7708	0
7709	0
7710	0
7711	0
7712	0
7713	1
7714	0
7715	0
7716	0
7717	0
7718	0
7719	0
7720	0
7721	0
7722	0
7723	0
7724	0
7725	0
7726	0
7727	0
7728	0
7729	0
7730	0
7731	0
7732	0
7733	0
7734	0
7735	0
7736	0
7737	0
7738	0
7739	0
7740	0
7741	0
7742	1
7743	0
7744	0
7745	0
7746	0
7747	0
7748	0
7749	0
7750	0
7751	1
7752	0
7753	0
7754	0
7755	0
7756	0
7757	0
7758	0
7759	0
7760	0
7761	1
7762	0
7763	0
7764	0
7765	0
7766	0
7767	0
7768	0
7769	0
7770	1
7771	0
7772	3
7773	0
7774	0
7775	0
7776	1
7777	0
7778	0
7779	0
7780	0
7781	0
7782	0
7783	0
7784	1
7785	0
7786	0
7787	0
7788	0
7789	0
7790	0
7791	0
7792	0
7793	1
7794	0
7795	0
7796	1
7797	0
7798	0
7799	0
7800	0
7801	0
7802	0
7803	0
7804	0
7805	0
7806	0
7807	0
7808	0
7809	0
7810	0
7811	0
7812	1
7813	0
7814	0
7815	0
7816	0
7817	0
7818	0
7819	0
7820	0
7821	0
7822	0
7823	0
7824	1
7825	1
7826	0
7827	0
7828	0
7829	0
7830	0
7831	0
7832	0
7833	0
7834	0
7835	0
7836	0
7837	0
7838	0
7839	0
7840	0
7841	0
7842	0
7843	0
7844	0
7845	0
7846	0
7847	0
7848	0
7849	0
7850	0
7851	0
7852	0
7853	0
7854	0
7855	0
7856	0
7857	0
7858	0
7859	0
7860	0
7861	0
7862	0
7863	0
7864	0
7865	0
7866	0
7867	0
7868	0
7869	0
7870	0
7871	0
7872	0
7873	0
7874	0
7875	0
7876	0
7877	0
7878	0
7879	0
7880	0
7881	0
7882	1
7883	0
7884	0
7885	0
7886	0
7887	0
7888	0
7889	0
7890	1
7891	0
7892	0
7893	0
7894	0
7895	0
7896	0
7897	0
7898	0
7899	0
7900	0
7901	0
7902	0
7903	1
7904	0
7905	0
7906	1
7907	0
7908	0
7909	0
7910	1
7911	0
7912	0
7913	0
7914	0
7915	0
7916	0
7917	0
7918	0
7919	0
7920	0
7921	0
7922	0
7923	0
7924	0
7925	0
7926	0
7927	0
7928	0
7929	0
7930	0
7931	0
7932	0
7933	0
7934	1
7935	0
7936	0
7937	0
7938	0
7939	0
7940	1
7941	0
7942	0
7943	0
7944	2
7945	0
7946	0
7947	0
7948	0
7949	0
7950	0
7951	0
7952	0
7953	0
7954	0
7955	0
7956	0
7957	0
7958	0
7959	0
7960	0
7961	0
7962	0
7963	0
7964	0
7965	0
7966	0
7967	0
7968	0
7969	0
7970	0
7971	0
7972	0
7973	0
7974	0
7975	0
7976	0
7977	0
7978	0
7979	0
7980	0
7981	0
7982	1
7983	0
7984	0
7985	0
7986	0
7987	0
7988	0
7989	0
7990	0
7991	0
7992	0
7993	0
7994	0
7995	0
7996	0
7997	0
7998	0
7999	0
8000	0
8001	0
8002	0
8003	0
8004	0
8005	0
8006	0
8007	0
8008	0
8009	0
8010	0
8011	0
8012	0
8013	0
8014	0
8015	0
8016	0
8017	0
8018	0
8019	0
8020	0
8021	0
8022	0
8023	1
8024	0
8025	0
8026	0
8027	0
8028	0
8029	1
8030	0
8031	0
8032	0
8033	0
8034	0
8035	0
8036	0
8037	0
8038	0
8039	0
8040	0
8041	0
8042	0
8043	0
8044	0
8045	0
8046	0
8047	0
8048	0
8049	0
8050	0
8051	0
8052	0
8053	0
8054	0
8055	0
8056	0
8057	0
8058	0
8059	0
8060	0
8061	0
8062	0
8063	0
8064	0
8065	0
8066	1
8067	0
8068	0
8069	0
8070	0
8071	0
8072	0
8073	0
8074	0
8075	0
8076	0
8077	0
8078	0
8079	0
8080	0
8081	0
8082	0
8083	0
8084	0
8085	1
8086	0
8087	0
8088	0
8089	0
8090	0
8091	0
8092	0
8093	0
8094	0
8095	0
8096	0
8097	0
8098	0
8099	0
8100	0
8101	0
8102	0
8103	0
8104	0
8105	0
8106	0
8107	0
8108	0
8109	0
8110	0
8111	0
8112	0
8113	0
8114	0
8115	0
8116	0
8117	0
8118	0
8119	0
8120	0
8121	0
8122	0
8123	0
8124	0
8125	0
8126	0
8127	0
8128	0
8129	0
8130	0
8131	0
8132	0
8133	0
8134	0
8135	0
8136	0
8137	0
8138	0
8139	0
8140	0
8141	0
8142	0
8143	0
8144	0
8145	0
8146	0
8147	0
8148	0
8149	0
8150	0
8151	0
8152	0
8153	0
8154	0
8155	0
8156	0
8157	0
8158	0
8159	0
8160	0
8161	0
8162	0
8163	0
8164	0
8165	0
8166	0
8167	0
8168	0
8169	0
8170	0
8171	0
8172	0
8173	0
8174	0
8175	0
8176	0
8177	0
8178	0
8179	0
8180	0
8181	0
8182	0
8183	0
8184	0
8185	0
8186	0
8187	0
8188	0
8189	0
8190	0
8191	0
