0	0
1	0
2	0
3	28
4	170
5	213
6	250
7	17466
8	36697
9	4274
10	1985
11	1577
12	3095
13	12037
14	12829
15	17789
16	22821
17	22871
18	22021
19	21313
20	20512
21	20165
22	19510
23	19148
24	18478
25	18016
26	17683
27	17421
28	17164
29	16760
30	16244
31	16124
32	15746
33	15577
34	14946
35	14889
36	14768
37	14306
38	14284
39	14056
40	13545
41	13238
42	12999
43	12796
44	12266
45	12284
46	12092
47	11765
48	11668
49	11385
50	11133
51	10856
52	10546
53	10457
54	10134
55	9808
56	9585
57	9259
58	9125
59	8822
60	8581
61	8190
62	8023
63	7801
64	7519
65	7147
66	6963
67	6785
68	6567
69	6326
70	6235
71	5963
72	5701
73	5420
74	5372
75	5153
76	5010
77	4763
78	4650
79	4508
80	4354
81	4253
82	4058
83	3996
84	3822
85	3837
86	3699
87	3523
88	3521
89	3350
90	3368
91	3318
92	3312
93	3133
94	3111
95	3065
96	3041
97	2938
98	2884
99	2918
100	2757
101	2726
102	2719
103	2698
104	2609
105	2690
106	2638
107	2728
108	2574
109	2597
110	2567
111	2595
112	2571
113	2542
114	2428
115	2508
116	2389
117	2494
118	2442
119	2414
120	2391
121	2413
122	2313
123	2240
124	2346
125	2271
126	2296
127	2248
128	2241
129	2277
130	2322
131	2247
132	2213
133	2241
134	2212
135	2237
136	2199
137	2183
138	2298
139	2262
140	2206
141	2137
142	2221
143	2153
144	2211
145	2219
146	2202
147	2098
148	2183
149	2124
150	2229
151	2051
152	2036
153	2188
154	2136
155	2114
156	2192
157	2142
158	2043
159	2109
160	2139
161	2021
162	2142
163	2145
164	2117
165	2080
166	2049
167	2091
168	2033
169	2061
170	2102
171	2130
172	2027
173	2038
174	2045
175	2013
176	2044
177	2029
178	2042
179	2010
180	2000
181	2044
182	2027
183	1969
184	1958
185	1995
186	1971
187	1974
188	2053
189	2067
190	2087
191	1926
192	1992
193	2074
194	1965
195	2024
196	1973
197	1998
198	1957
199	1950
200	1913
201	1965
202	1907
203	1884
204	1964
205	1914
206	1860
207	1937
208	1974
209	1940
210	2009
211	1855
212	1931
213	1908
214	1932
215	1908
216	1872
217	1940
218	1773
219	1897
220	1936
221	1783
222	1858
223	1795
224	1800
225	1830
226	1820
227	1830
228	1834
229	1743
230	1755
231	1818
232	1771
233	1733
234	1784
235	1781
236	1713
237	1854
238	1778
239	1759
240	1808
241	1669
242	1697
243	1671
244	1734
245	1784
246	1711
247	1686
248	1732
249	1654
250	1634
251	1730
252	1652
253	1679
254	1692
255	1608
256	1596
257	1664
258	1638
259	1650
260	1643
261	1611
262	1572
263	1565
264	1470
265	1587
266	1629
267	1565
268	1573
269	1585
270	1561
271	1514
272	1491
273	1468
274	1511
275	1420
276	1474
277	1451
278	1419
279	1441
280	1489
281	1395
282	1355
283	1464
284	1447
285	1450
286	1406
287	1380
288	1393
289	1361
290	1420
291	1298
292	1307
293	1346
294	1366
295	1307
296	1365
297	1266
298	1270
299	1271
300	1188
301	1218
302	1277
303	1184
304	1192
305	1233
306	1139
307	1174
308	1165
309	1153
310	1201
311	1187
312	1171
313	1116
314	1154
315	1158
316	1144
317	1124
318	1040
319	1121
320	1094
321	1060
322	1020
323	1077
324	1050
325	1047
326	982
327	1010
328	1020
329	949
330	926
331	960
332	965
333	968
334	936
335	945
336	918
337	894
338	914
339	882
340	892
341	824
342	839
343	840
344	833
345	863
346	833
347	836
348	847
349	776
350	794
351	785
352	787
353	839
354	749
355	770
356	754
357	755
358	690
359	697
360	669
361	716
362	678
363	655
364	652
365	704
366	670
367	650
368	666
369	633
370	644
371	603
372	648
373	642
374	637
375	591
376	603
377	601
378	592
379	580
380	558
381	546
382	494
383	566
384	556
385	561
386	480
387	522
388	520
389	463
390	456
391	500
392	475
393	488
394	468
395	440
396	430
397	403
398	449
399	396
400	443
401	406
402	424
403	462
404	407
405	396
406	388
407	374
408	381
409	356
410	336
411	379
412	340
413	335
414	333
415	362
416	365
417	363
418	334
419	317
420	295
421	343
422	325
423	275
424	307
425	267
426	292
427	264
428	302
429	271
430	296
431	268
432	266
433	280
434	244
435	261
436	247
437	242
438	239
439	215
440	252
441	194
442	231
443	240
444	201
445	225
446	196
447	198
448	188
449	230
450	204
451	190
452	180
453	214
454	182
455	199
456	173
457	166
458	175
459	169
460	153
461	164
462	161
463	167
464	167
465	136
466	150
467	152
468	149
469	138
470	142
471	140
472	143
473	123
474	118
475	130
476	114
477	129
478	130
479	117
480	116
481	117
482	118
483	109
484	135
485	95
486	120
487	92
488	92
489	90
490	104
491	88
492	90
493	91
494	99
495	76
496	84
497	101
498	83
499	87
500	74
501	85
502	70
503	79
504	71
505	65
506	72
507	47
508	72
509	54
510	68
511	73
512	58
513	64
514	57
515	67
516	62
517	68
518	59
519	59
520	60
521	62
522	47
523	57
524	53
525	49
526	51
527	57
528	32
529	52
530	30
531	34
532	40
533	56
534	35
535	31
536	32
537	39
538	37
539	34
540	30
541	38
542	36
543	43
544	28
545	35
546	30
547	37
548	20
549	30
550	31
551	22
552	30
553	33
554	29
555	27
556	26
557	25
558	25
559	34
560	29
561	23
562	24
563	24
564	30
565	23
566	16
567	16
568	26
569	18
570	28
571	16
572	15
573	25
574	15
575	20
576	21
577	14
578	21
579	15
580	15
581	26
582	12
583	21
584	17
585	7
586	29
587	22
588	14
589	18
590	8
591	9
592	16
593	12
594	13
595	10
596	8
597	13
598	9
599	15
600	16
601	14
602	11
603	16
604	17
605	14
606	8
607	11
608	8
609	14
610	16
611	14
612	10
613	12
614	14
615	13
616	8
617	10
618	2
619	9
620	10
621	12
622	7
623	1
624	6
625	6
626	7
627	8
628	9
629	9
630	10
631	12
632	11
633	9
634	11
635	6
636	10
637	13
638	6
639	10
640	13
641	11
642	6
643	4
644	14
645	10
646	12
647	14
648	13
649	6
650	14
651	10
652	6
653	8
654	10
655	10
656	3
657	8
658	8
659	10
660	14
661	9
662	7
663	6
664	11
665	13
666	11
667	8
668	8
669	7
670	4
671	7
672	14
673	9
674	10
675	12
676	13
677	10
678	11
679	6
680	9
681	6
682	8
683	7
684	7
685	4
686	10
687	20
688	4
689	9
690	9
691	10
692	9
693	9
694	9
695	12
696	8
697	6
698	10
699	10
700	9
701	9
702	6
703	4
704	7
705	8
706	6
707	4
708	7
709	10
710	8
711	17
712	8
713	7
714	14
715	7
716	7
717	4
718	6
719	5
720	11
721	10
722	7
723	5
724	4
725	6
726	7
727	7
728	9
729	16
730	6
731	12
732	10
733	5
734	7
735	5
736	9
737	8
738	11
739	8
740	5
741	7
742	5
743	6
744	3
745	11
746	7
747	9
748	2
749	11
750	6
751	11
752	10
753	4
754	4
755	9
756	4
757	10
758	6
759	5
760	8
761	7
762	7
763	7
764	12
765	10
766	4
767	7
768	6
769	10
770	12
771	7
772	16
773	5
774	8
775	6
776	8
777	6
778	9
779	9
780	5
781	6
782	5
783	5
784	3
785	4
786	14
787	4
788	9
789	7
790	8
791	7
792	5
793	5
794	7
795	6
796	11
797	9
798	7
799	9
800	2
801	7
802	8
803	7
804	10
805	6
806	5
807	9
808	8
809	7
810	10
811	11
812	7
813	8
814	7
815	6
816	5
817	6
818	12
819	4
820	10
821	7
822	6
823	7
824	8
825	3
826	5
827	7
828	4
829	3
830	5
831	6
832	5
833	8
834	6
835	7
836	11
837	6
838	5
839	5
840	8
841	9
842	5
843	6
844	13
845	9
846	5
847	8
848	9
849	9
850	6
851	9
852	9
853	9
854	4
855	6
856	4
857	11
858	9
859	4
860	4
861	6
862	4
863	6
864	8
865	3
866	9
867	3
868	4
869	8
870	7
871	8
872	1
873	8
874	6
875	6
876	5
877	5
878	5
879	9
880	4
881	6
882	4
883	6
884	2
885	8
886	3
887	4
888	6
889	9
890	4
891	4
892	5
893	4
894	8
895	1
896	6
897	8
898	4
899	4
900	10
901	5
902	1
903	4
904	3
905	4
906	2
907	4
908	3
909	6
910	1
911	1
912	7
913	3
914	1
915	1
916	2
917	3
918	0
919	2
920	1
921	1
922	1
923	0
924	1
925	1
926	1
927	0
928	0
929	0
930	1
931	0
932	0
933	0
934	0
935	2
936	0
937	0
938	0
939	0
940	0
941	0
942	0
943	0
944	0
945	0
946	0
947	0
948	0
949	0
950	0
951	0
952	0
953	0
954	0
955	0
956	0
957	0
958	0
959	1
960	0
961	0
962	0
963	0
964	0
965	0
966	0
967	1
968	0
969	0
970	0
971	0
972	0
973	0
974	0
975	0
976	0
977	0
978	0
979	0
980	0
981	0
982	0
983	0
984	0
985	0
986	0
987	0
988	0
989	0
990	0
991	0
992	0
993	0
994	0
995	0
996	0
997	0
998	0
999	0
1000	0
1001	0
1002	0
1003	0
1004	0
1005	0
1006	0
1007	0
1008	0
1009	0
1010	0
1011	0
1012	0
1013	0
1014	0
1015	0
1016	0
1017	0
1018	0
1019	0
1020	0
1021	0
1022	0
1023	0
