0	0
1	0
2	0
3	0
4	0
5	1
6	0
7	1
8	4
9	2
10	3
11	3
12	0
13	4
14	3
15	3
16	2
17	6
18	3
19	5
20	3
21	3
22	3
23	6
24	3
25	8
26	12
27	12
28	21
29	16
30	13
31	16
32	19
33	22
34	24
35	24
36	14
37	21
38	26
39	24
40	20
41	34
42	26
43	21
44	26
45	26
46	28
47	25
48	20
49	18
50	24
51	29
52	25
53	40
54	25
55	33
56	30
57	33
58	39
59	43
60	29
61	39
62	35
63	30
64	25
65	32
66	40
67	34
68	27
69	31
70	33
71	25
72	35
73	36
74	47
75	40
76	31
77	46
78	32
79	43
80	44
81	38
82	34
83	38
84	33
85	22
86	47
87	38
88	52
89	34
90	42
91	51
92	44
93	46
94	39
95	53
96	43
97	37
98	34
99	45
100	53
101	51
102	48
103	53
104	36
105	45
106	45
107	34
108	58
109	45
110	37
111	38
112	47
113	37
114	54
115	48
116	40
117	38
118	49
119	43
120	50
121	40
122	43
123	42
124	53
125	45
126	50
127	50
128	50
129	43
130	56
131	52
132	39
133	41
134	48
135	48
136	50
137	42
138	46
139	54
140	54
141	39
142	45
143	47
144	45
145	49
146	39
147	55
148	42
149	37
150	44
151	35
152	53
153	44
154	39
155	43
156	39
157	44
158	51
159	50
160	61
161	51
162	40
163	39
164	44
165	47
166	52
167	43
168	33
169	46
170	39
171	42
172	29
173	40
174	37
175	37
176	45
177	46
178	54
179	36
180	35
181	40
182	45
183	39
184	36
185	36
186	43
187	41
188	47
189	17
190	29
191	32
192	30
193	35
194	33
195	35
196	39
197	27
198	26
199	21
200	36
201	26
202	33
203	34
204	38
205	33
206	29
207	36
208	25
209	29
210	32
211	29
212	33
213	31
214	22
215	32
216	36
217	31
218	32
219	28
220	23
221	29
222	29
223	25
224	28
225	24
226	29
227	29
228	36
229	29
230	21
231	30
232	22
233	27
234	20
235	21
236	21
237	32
238	18
239	14
240	30
241	14
242	30
243	36
244	16
245	21
246	19
247	17
248	13
249	16
250	20
251	18
252	20
253	14
254	13
255	17
256	21
257	23
258	17
259	17
260	15
261	17
262	21
263	17
264	25
265	20
266	11
267	19
268	19
269	20
270	17
271	20
272	21
273	8
274	11
275	11
276	13
277	16
278	19
279	12
280	13
281	15
282	15
283	6
284	16
285	7
286	16
287	20
288	12
289	12
290	9
291	10
292	18
293	12
294	19
295	8
296	13
297	6
298	14
299	14
300	10
301	11
302	10
303	14
304	12
305	7
306	6
307	12
308	14
309	9
310	13
311	5
312	9
313	8
314	6
315	8
316	10
317	11
318	6
319	7
320	6
321	6
322	5
323	6
324	8
325	12
326	8
327	11
328	7
329	9
330	3
331	3
332	5
333	10
334	4
335	3
336	5
337	4
338	5
339	6
340	8
341	10
342	8
343	5
344	3
345	1
346	3
347	7
348	8
349	8
350	5
351	2
352	6
353	7
354	3
355	6
356	6
357	7
358	5
359	4
360	3
361	4
362	3
363	5
364	4
365	4
366	3
367	4
368	3
369	3
370	4
371	3
372	7
373	3
374	2
375	5
376	2
377	1
378	1
379	1
380	2
381	7
382	5
383	2
384	3
385	2
386	7
387	1
388	4
389	4
390	0
391	2
392	2
393	5
394	1
395	3
396	1
397	3
398	1
399	5
400	2
401	1
402	2
403	3
404	4
405	3
406	3
407	3
408	1
409	2
410	1
411	4
412	0
413	2
414	2
415	1
416	3
417	3
418	0
419	1
420	3
421	2
422	0
423	2
424	4
425	0
426	0
427	0
428	1
429	4
430	1
431	3
432	1
433	0
434	2
435	2
436	1
437	1
438	0
439	0
440	3
441	3
442	2
443	2
444	1
445	0
446	2
447	0
448	2
449	1
450	2
451	1
452	1
453	0
454	1
455	0
456	0
457	1
458	0
459	0
460	0
461	3
462	1
463	0
464	2
465	1
466	2
467	0
468	0
469	1
470	0
471	0
472	1
473	0
474	1
475	0
476	0
477	0
478	1
479	1
480	0
481	1
482	1
483	0
484	0
485	0
486	0
487	2
488	0
489	0
490	0
491	0
492	0
493	0
494	0
495	1
496	0
497	0
498	0
499	0
500	0
501	0
502	0
503	0
504	0
505	1
506	0
507	0
508	1
509	0
510	0
511	0
512	0
513	1
514	0
515	0
516	0
517	0
518	1
519	0
520	0
521	1
522	0
523	1
524	0
525	1
526	2
527	0
528	0
529	0
530	0
531	0
532	0
533	1
534	1
535	0
536	0
537	0
538	0
539	0
540	0
541	0
542	1
543	1
544	0
545	0
546	1
547	0
548	0
549	0
550	0
551	1
552	1
553	0
554	1
555	0
556	0
557	0
558	1
559	0
560	0
561	0
562	1
563	1
564	0
565	0
566	0
567	1
568	1
569	0
570	0
571	0
572	0
573	0
574	0
575	0
576	0
577	0
578	0
579	0
580	0
581	0
582	0
583	0
584	0
585	0
586	0
587	0
588	0
589	0
590	0
591	0
592	0
593	0
594	0
595	1
596	0
597	0
598	0
599	0
600	0
601	0
602	0
603	1
604	0
605	0
606	0
607	0
608	0
609	0
610	0
611	1
612	0
613	0
614	0
615	0
616	0
617	0
618	0
619	0
620	0
621	0
622	1
623	0
624	0
625	0
626	0
627	0
628	0
629	0
630	1
631	0
632	0
633	0
634	0
635	0
636	0
637	0
638	0
639	0
640	0
641	0
642	1
643	0
644	0
645	0
646	0
647	0
648	0
649	0
650	0
651	0
652	1
653	0
654	0
655	0
656	0
657	0
658	0
659	0
660	0
661	0
662	1
663	0
664	0
665	0
666	0
667	0
668	0
669	0
670	0
671	0
672	0
673	0
674	0
675	0
676	0
677	0
678	0
679	0
680	0
681	0
682	0
683	0
684	1
685	0
686	0
687	0
688	0
689	1
690	0
691	0
692	0
693	0
694	0
695	0
696	0
697	0
698	0
699	0
700	0
701	0
702	0
703	0
704	0
705	0
706	0
707	0
708	0
709	0
710	0
711	0
712	0
713	0
714	0
715	0
716	1
717	1
718	0
719	0
720	0
721	0
722	0
723	0
724	0
725	0
726	0
727	0
728	1
729	0
730	0
731	0
732	1
733	0
734	0
735	0
736	0
737	0
738	0
739	1
740	0
741	0
742	0
743	0
744	0
745	1
746	0
747	0
748	0
749	0
750	0
751	0
752	0
753	0
754	0
755	0
756	0
757	0
758	0
759	1
760	0
761	0
762	0
763	0
764	0
765	0
766	0
767	0
768	0
769	0
770	0
771	0
772	1
773	0
774	1
775	0
776	0
777	0
778	0
779	0
780	0
781	0
782	0
783	0
784	0
785	0
786	0
787	0
788	0
789	0
790	0
791	0
792	0
793	0
794	1
795	0
796	0
797	0
798	1
799	1
800	0
801	0
802	0
803	0
804	0
805	0
806	0
807	0
808	0
809	0
810	0
811	0
812	0
813	0
814	0
815	1
816	0
817	1
818	0
819	0
820	0
821	0
822	1
823	0
824	0
825	0
826	0
827	0
828	1
829	0
830	0
831	0
832	0
833	0
834	0
835	0
836	0
837	0
838	0
839	0
840	0
841	0
842	0
843	0
844	0
845	0
846	0
847	0
848	0
849	0
850	0
851	0
852	1
853	0
854	0
855	0
856	0
857	0
858	0
859	0
860	0
861	0
862	0
863	0
864	0
865	0
866	0
867	0
868	0
869	1
870	0
871	0
872	0
873	0
874	0
875	0
876	0
877	0
878	0
879	0
880	0
881	0
882	0
883	0
884	0
885	0
886	0
887	0
888	0
889	0
890	0
891	0
892	0
893	0
894	0
895	1
896	1
897	0
898	0
899	0
900	0
901	0
902	0
903	0
904	0
905	0
906	0
907	0
908	0
909	0
910	0
911	0
912	0
913	0
914	0
915	0
916	0
917	0
918	0
919	0
920	0
921	0
922	0
923	0
924	0
925	0
926	0
927	0
928	0
929	0
930	0
931	0
932	0
933	0
934	0
935	0
936	0
937	0
938	0
939	0
940	0
941	0
942	0
943	0
944	0
945	0
946	0
947	0
948	0
949	0
950	0
951	0
952	0
953	0
954	0
955	0
956	0
957	0
958	0
959	0
960	0
961	0
962	0
963	0
964	0
965	0
966	0
967	0
968	0
969	0
970	0
971	0
972	0
973	0
974	0
975	0
976	0
977	0
978	0
979	0
980	0
981	0
982	0
983	0
984	0
985	0
986	0
987	0
988	0
989	0
990	0
991	0
992	0
993	0
994	0
995	0
996	0
997	0
998	0
999	0
1000	0
1001	0
1002	0
1003	0
1004	0
1005	0
1006	0
1007	0
1008	0
1009	0
1010	0
1011	0
1012	0
1013	0
1014	0
1015	0
1016	0
1017	0
1018	0
1019	0
1020	0
1021	0
1022	0
1023	0
