0	0
1	0
2	0
3	0
4	0
5	0
6	0
7	3
8	4
9	1
10	3
11	1
12	1
13	4
14	3
15	4
16	8
17	6
18	1
19	4
20	6
21	3
22	6
23	3
24	7
25	7
26	13
27	12
28	9
29	8
30	16
31	6
32	12
33	8
34	11
35	14
36	18
37	16
38	9
39	27
40	15
41	20
42	10
43	19
44	8
45	12
46	19
47	13
48	15
49	16
50	17
51	22
52	18
53	25
54	15
55	16
56	20
57	20
58	16
59	13
60	17
61	16
62	19
63	25
64	17
65	17
66	17
67	16
68	16
69	16
70	21
71	16
72	16
73	11
74	13
75	19
76	15
77	17
78	15
79	8
80	18
81	9
82	15
83	13
84	18
85	14
86	9
87	14
88	11
89	16
90	16
91	19
92	20
93	17
94	21
95	13
96	17
97	16
98	14
99	16
100	12
101	19
102	21
103	12
104	17
105	12
106	29
107	16
108	18
109	11
110	18
111	15
112	18
113	13
114	20
115	10
116	22
117	17
118	17
119	16
120	21
121	18
122	19
123	22
124	18
125	25
126	24
127	17
128	13
129	17
130	13
131	17
132	21
133	12
134	16
135	27
136	28
137	15
138	29
139	18
140	16
141	19
142	12
143	19
144	26
145	24
146	20
147	18
148	22
149	18
150	22
151	19
152	26
153	37
154	17
155	20
156	20
157	25
158	23
159	24
160	23
161	27
162	23
163	26
164	23
165	15
166	26
167	35
168	26
169	27
170	24
171	35
172	39
173	27
174	35
175	31
176	18
177	30
178	25
179	35
180	33
181	24
182	31
183	34
184	42
185	33
186	33
187	26
188	26
189	28
190	42
191	37
192	33
193	39
194	35
195	30
196	29
197	32
198	30
199	36
200	25
201	29
202	29
203	30
204	22
205	40
206	38
207	34
208	36
209	33
210	38
211	26
212	37
213	34
214	31
215	28
216	30
217	23
218	35
219	35
220	41
221	27
222	24
223	27
224	32
225	33
226	30
227	40
228	36
229	35
230	38
231	36
232	36
233	34
234	41
235	31
236	44
237	37
238	38
239	27
240	40
241	32
242	33
243	29
244	41
245	42
246	37
247	36
248	43
249	31
250	40
251	42
252	29
253	42
254	41
255	34
256	26
257	40
258	32
259	30
260	38
261	30
262	29
263	56
264	19
265	38
266	41
267	32
268	25
269	39
270	31
271	36
272	36
273	34
274	41
275	41
276	36
277	32
278	30
279	35
280	41
281	32
282	39
283	34
284	41
285	43
286	30
287	42
288	30
289	34
290	36
291	34
292	45
293	25
294	31
295	35
296	36
297	27
298	37
299	28
300	28
301	46
302	30
303	22
304	32
305	26
306	35
307	26
308	25
309	34
310	34
311	28
312	34
313	23
314	33
315	36
316	31
317	27
318	33
319	29
320	30
321	24
322	17
323	23
324	28
325	22
326	26
327	21
328	29
329	33
330	23
331	29
332	29
333	32
334	26
335	17
336	17
337	28
338	17
339	21
340	21
341	24
342	18
343	25
344	18
345	15
346	28
347	22
348	24
349	21
350	22
351	20
352	18
353	21
354	21
355	24
356	13
357	15
358	20
359	16
360	17
361	24
362	19
363	17
364	14
365	25
366	17
367	22
368	15
369	14
370	17
371	11
372	15
373	16
374	13
375	11
376	9
377	16
378	22
379	14
380	17
381	19
382	16
383	10
384	15
385	14
386	13
387	7
388	12
389	14
390	14
391	13
392	16
393	11
394	15
395	12
396	17
397	14
398	13
399	10
400	16
401	9
402	13
403	11
404	7
405	8
406	11
407	14
408	7
409	9
410	11
411	14
412	5
413	9
414	7
415	2
416	8
417	16
418	0
419	7
420	5
421	6
422	9
423	7
424	5
425	4
426	4
427	5
428	10
429	10
430	3
431	4
432	9
433	8
434	9
435	7
436	8
437	5
438	3
439	5
440	11
441	7
442	5
443	3
444	7
445	2
446	8
447	1
448	6
449	5
450	4
451	3
452	2
453	1
454	1
455	3
456	6
457	2
458	5
459	5
460	7
461	5
462	1
463	3
464	2
465	6
466	4
467	4
468	5
469	6
470	3
471	3
472	4
473	6
474	3
475	4
476	3
477	0
478	2
479	4
480	4
481	2
482	0
483	2
484	1
485	2
486	1
487	2
488	4
489	2
490	1
491	1
492	1
493	0
494	1
495	6
496	2
497	3
498	0
499	1
500	4
501	0
502	2
503	1
504	4
505	1
506	1
507	1
508	0
509	0
510	3
511	0
512	3
513	1
514	2
515	1
516	1
517	4
518	0
519	0
520	0
521	3
522	0
523	2
524	2
525	0
526	1
527	1
528	1
529	1
530	0
531	0
532	2
533	1
534	5
535	1
536	2
537	2
538	0
539	2
540	1
541	0
542	1
543	0
544	1
545	0
546	0
547	1
548	0
549	1
550	0
551	0
552	0
553	0
554	1
555	0
556	0
557	0
558	0
559	0
560	1
561	0
562	0
563	0
564	0
565	0
566	0
567	3
568	0
569	0
570	1
571	0
572	1
573	1
574	1
575	1
576	1
577	0
578	0
579	0
580	0
581	0
582	0
583	0
584	0
585	0
586	0
587	0
588	0
589	0
590	0
591	1
592	0
593	0
594	0
595	0
596	0
597	0
598	1
599	0
600	0
601	0
602	0
603	0
604	0
605	0
606	1
607	0
608	0
609	0
610	0
611	0
612	0
613	0
614	0
615	0
616	0
617	0
618	0
619	0
620	0
621	0
622	0
623	0
624	0
625	0
626	0
627	0
628	0
629	0
630	0
631	0
632	1
633	0
634	0
635	0
636	0
637	0
638	0
639	1
640	0
641	0
642	0
643	0
644	0
645	0
646	0
647	0
648	0
649	0
650	0
651	0
652	1
653	0
654	0
655	0
656	0
657	1
658	0
659	0
660	0
661	0
662	0
663	0
664	0
665	0
666	0
667	0
668	0
669	0
670	1
671	0
672	0
673	0
674	0
675	0
676	0
677	0
678	0
679	0
680	0
681	0
682	0
683	0
684	0
685	0
686	0
687	0
688	0
689	0
690	0
691	0
692	0
693	0
694	0
695	0
696	0
697	0
698	0
699	0
700	0
701	0
702	0
703	1
704	0
705	0
706	1
707	0
708	0
709	0
710	0
711	1
712	0
713	0
714	0
715	0
716	0
717	0
718	2
719	0
720	0
721	0
722	0
723	0
724	0
725	0
726	1
727	0
728	0
729	0
730	2
731	0
732	1
733	0
734	0
735	0
736	0
737	0
738	0
739	0
740	0
741	0
742	0
743	0
744	0
745	0
746	0
747	0
748	0
749	0
750	0
751	0
752	0
753	0
754	1
755	0
756	0
757	0
758	0
759	1
760	0
761	0
762	0
763	0
764	0
765	0
766	0
767	0
768	0
769	0
770	0
771	0
772	0
773	0
774	0
775	1
776	0
777	0
778	0
779	0
780	0
781	0
782	0
783	0
784	1
785	0
786	1
787	0
788	0
789	0
790	0
791	0
792	0
793	0
794	0
795	0
796	0
797	0
798	0
799	0
800	0
801	0
802	0
803	0
804	0
805	0
806	0
807	0
808	0
809	0
810	0
811	0
812	0
813	1
814	0
815	0
816	0
817	0
818	0
819	0
820	0
821	0
822	0
823	0
824	0
825	0
826	0
827	0
828	0
829	0
830	0
831	0
832	0
833	0
834	0
835	0
836	0
837	1
838	0
839	0
840	0
841	0
842	0
843	0
844	0
845	0
846	0
847	0
848	1
849	0
850	0
851	0
852	0
853	0
854	1
855	0
856	0
857	0
858	0
859	0
860	0
861	0
862	0
863	0
864	0
865	0
866	0
867	0
868	0
869	0
870	0
871	0
872	0
873	0
874	0
875	0
876	0
877	0
878	0
879	0
880	0
881	0
882	0
883	0
884	0
885	0
886	0
887	0
888	0
889	0
890	0
891	0
892	0
893	0
894	0
895	0
896	0
897	0
898	0
899	0
900	0
901	0
902	0
903	0
904	0
905	0
906	0
907	0
908	0
909	0
910	0
911	0
912	0
913	0
914	0
915	0
916	0
917	0
918	0
919	0
920	0
921	0
922	0
923	0
924	0
925	0
926	0
927	0
928	0
929	0
930	0
931	0
932	0
933	0
934	0
935	0
936	0
937	0
938	0
939	0
940	0
941	0
942	0
943	0
944	0
945	0
946	0
947	0
948	0
949	0
950	0
951	0
952	0
953	0
954	0
955	0
956	0
957	0
958	0
959	0
960	0
961	0
962	0
963	0
964	0
965	0
966	0
967	0
968	0
969	0
970	0
971	0
972	0
973	0
974	0
975	0
976	0
977	0
978	0
979	0
980	0
981	0
982	0
983	0
984	0
985	0
986	0
987	0
988	0
989	0
990	0
991	0
992	0
993	0
994	0
995	0
996	0
997	0
998	0
999	0
1000	0
1001	0
1002	0
1003	0
1004	0
1005	0
1006	0
1007	0
1008	0
1009	0
1010	0
1011	0
1012	0
1013	0
1014	0
1015	0
1016	0
1017	0
1018	0
1019	0
1020	0
1021	0
1022	0
1023	0
