0	0
1	0
2	0
3	0
4	0
5	0
6	1
7	4
8	13
9	4
10	7
11	7
12	6
13	15
14	19
15	28
16	15
17	29
18	21
19	34
20	41
21	72
22	88
23	86
24	136
25	117
26	136
27	142
28	133
29	130
30	139
31	123
32	110
33	111
34	114
35	135
36	125
37	116
38	117
39	123
40	104
41	107
42	118
43	93
44	102
45	82
46	96
47	86
48	107
49	84
50	90
51	85
52	76
53	83
54	87
55	79
56	92
57	89
58	76
59	68
60	87
61	57
62	58
63	75
64	60
65	58
66	54
67	65
68	70
69	50
70	61
71	52
72	61
73	36
74	51
75	50
76	63
77	39
78	47
79	38
80	43
81	50
82	35
83	44
84	41
85	36
86	45
87	39
88	46
89	38
90	31
91	30
92	27
93	29
94	32
95	40
96	30
97	26
98	23
99	29
100	27
101	18
102	31
103	19
104	26
105	19
106	30
107	27
108	24
109	18
110	17
111	24
112	18
113	16
114	17
115	24
116	24
117	21
118	10
119	16
120	20
121	27
122	13
123	14
124	15
125	19
126	13
127	16
128	20
129	7
130	14
131	14
132	15
133	24
134	13
135	14
136	19
137	14
138	20
139	14
140	17
141	13
142	19
143	19
144	14
145	13
146	11
147	17
148	9
149	14
150	18
151	12
152	9
153	13
154	17
155	11
156	16
157	17
158	11
159	19
160	12
161	9
162	17
163	13
164	16
165	13
166	7
167	14
168	9
169	12
170	8
171	13
172	8
173	7
174	17
175	16
176	8
177	13
178	14
179	11
180	6
181	9
182	7
183	14
184	12
185	9
186	7
187	10
188	14
189	13
190	12
191	6
192	22
193	9
194	12
195	7
196	7
197	16
198	10
199	12
200	8
201	15
202	7
203	16
204	8
205	9
206	10
207	5
208	9
209	9
210	11
211	10
212	5
213	5
214	6
215	14
216	9
217	8
218	9
219	13
220	10
221	11
222	8
223	9
224	6
225	5
226	9
227	14
228	10
229	9
230	7
231	9
232	9
233	8
234	3
235	10
236	4
237	6
238	10
239	9
240	5
241	8
242	7
243	11
244	8
245	10
246	6
247	7
248	12
249	10
250	7
251	4
252	6
253	9
254	6
255	6
256	6
257	10
258	7
259	14
260	3
261	6
262	6
263	6
264	13
265	8
266	3
267	7
268	3
269	5
270	12
271	3
272	6
273	3
274	8
275	5
276	9
277	8
278	13
279	5
280	6
281	6
282	7
283	1
284	5
285	10
286	7
287	6
288	8
289	5
290	5
291	8
292	3
293	6
294	8
295	8
296	9
297	5
298	5
299	10
300	5
301	8
302	2
303	3
304	3
305	8
306	7
307	0
308	10
309	6
310	3
311	3
312	6
313	6
314	7
315	2
316	4
317	6
318	2
319	7
320	2
321	5
322	2
323	2
324	5
325	5
326	2
327	5
328	3
329	1
330	2
331	2
332	4
333	6
334	5
335	4
336	4
337	4
338	8
339	6
340	7
341	5
342	3
343	4
344	3
345	9
346	6
347	4
348	5
349	3
350	9
351	4
352	5
353	4
354	3
355	3
356	2
357	6
358	4
359	4
360	2
361	8
362	3
363	2
364	2
365	2
366	5
367	4
368	5
369	5
370	2
371	5
372	1
373	3
374	1
375	2
376	1
377	3
378	2
379	3
380	2
381	3
382	5
383	3
384	3
385	2
386	2
387	5
388	7
389	3
390	1
391	4
392	4
393	3
394	1
395	3
396	1
397	4
398	2
399	1
400	1
401	3
402	0
403	1
404	1
405	3
406	3
407	3
408	4
409	0
410	3
411	0
412	0
413	2
414	0
415	3
416	1
417	1
418	2
419	2
420	2
421	1
422	2
423	2
424	1
425	2
426	2
427	0
428	1
429	3
430	1
431	3
432	0
433	0
434	2
435	0
436	2
437	2
438	3
439	2
440	1
441	2
442	0
443	0
444	3
445	1
446	0
447	1
448	0
449	2
450	2
451	0
452	0
453	0
454	0
455	1
456	0
457	1
458	2
459	0
460	1
461	0
462	0
463	1
464	3
465	2
466	1
467	1
468	0
469	1
470	3
471	0
472	0
473	0
474	0
475	1
476	3
477	0
478	0
479	2
480	0
481	0
482	0
483	4
484	2
485	0
486	1
487	0
488	1
489	1
490	1
491	2
492	1
493	2
494	0
495	0
496	2
497	2
498	0
499	1
500	1
501	1
502	0
503	2
504	0
505	1
506	0
507	1
508	0
509	0
510	0
511	0
512	0
513	0
514	0
515	1
516	0
517	1
518	0
519	1
520	0
521	0
522	0
523	0
524	0
525	2
526	1
527	0
528	0
529	0
530	0
531	0
532	0
533	1
534	0
535	0
536	0
537	0
538	0
539	0
540	0
541	1
542	0
543	0
544	0
545	0
546	0
547	0
548	0
549	1
550	0
551	1
552	0
553	0
554	1
555	0
556	0
557	0
558	0
559	0
560	1
561	0
562	1
563	0
564	0
565	0
566	1
567	0
568	0
569	0
570	0
571	0
572	1
573	0
574	0
575	1
576	0
577	0
578	0
579	0
580	0
581	0
582	0
583	0
584	0
585	0
586	1
587	0
588	0
589	0
590	0
591	0
592	0
593	0
594	0
595	0
596	0
597	0
598	0
599	3
600	0
601	0
602	0
603	1
604	0
605	0
606	0
607	0
608	0
609	0
610	0
611	0
612	0
613	0
614	0
615	0
616	0
617	0
618	0
619	0
620	0
621	0
622	0
623	0
624	0
625	1
626	0
627	0
628	0
629	0
630	0
631	0
632	0
633	0
634	0
635	0
636	0
637	0
638	0
639	0
640	1
641	0
642	0
643	0
644	0
645	0
646	0
647	0
648	0
649	0
650	0
651	0
652	0
653	0
654	0
655	0
656	0
657	0
658	0
659	0
660	0
661	0
662	0
663	0
664	0
665	0
666	0
667	0
668	0
669	0
670	0
671	0
672	0
673	0
674	0
675	0
676	0
677	0
678	0
679	0
680	0
681	0
682	1
683	0
684	0
685	1
686	0
687	0
688	0
689	0
690	0
691	0
692	0
693	0
694	0
695	0
696	0
697	0
698	0
699	0
700	0
701	0
702	0
703	0
704	0
705	0
706	0
707	0
708	0
709	0
710	0
711	0
712	0
713	0
714	0
715	0
716	0
717	0
718	0
719	0
720	1
721	0
722	0
723	0
724	0
725	1
726	0
727	0
728	0
729	0
730	0
731	0
732	0
733	0
734	0
735	0
736	0
737	0
738	0
739	0
740	0
741	0
742	0
743	1
744	0
745	0
746	0
747	0
748	0
749	0
750	0
751	0
752	0
753	0
754	0
755	0
756	0
757	0
758	0
759	0
760	0
761	0
762	0
763	1
764	0
765	0
766	0
767	0
768	0
769	0
770	1
771	0
772	0
773	0
774	0
775	0
776	0
777	0
778	0
779	0
780	0
781	0
782	0
783	0
784	0
785	0
786	0
787	0
788	1
789	0
790	0
791	0
792	0
793	0
794	0
795	1
796	0
797	0
798	0
799	0
800	0
801	0
802	0
803	0
804	0
805	0
806	0
807	1
808	0
809	0
810	0
811	1
812	0
813	0
814	0
815	0
816	0
817	1
818	0
819	0
820	0
821	0
822	0
823	0
824	0
825	0
826	0
827	0
828	0
829	0
830	0
831	0
832	0
833	0
834	0
835	0
836	0
837	0
838	0
839	0
840	1
841	0
842	0
843	0
844	0
845	0
846	0
847	0
848	0
849	0
850	0
851	0
852	0
853	0
854	0
855	0
856	0
857	0
858	0
859	0
860	0
861	1
862	1
863	0
864	0
865	0
866	0
867	0
868	0
869	0
870	1
871	0
872	0
873	1
874	0
875	0
876	0
877	0
878	0
879	0
880	0
881	0
882	0
883	0
884	0
885	0
886	0
887	0
888	0
889	0
890	0
891	0
892	0
893	0
894	0
895	0
896	0
897	0
898	0
899	0
900	0
901	0
902	0
903	0
904	1
905	0
906	0
907	0
908	0
909	0
910	0
911	0
912	0
913	0
914	0
915	0
916	0
917	0
918	0
919	0
920	0
921	0
922	0
923	0
924	0
925	0
926	0
927	0
928	0
929	0
930	0
931	0
932	0
933	0
934	0
935	0
936	0
937	0
938	0
939	0
940	0
941	0
942	0
943	0
944	0
945	0
946	0
947	0
948	0
949	0
950	0
951	0
952	0
953	0
954	0
955	0
956	0
957	0
958	0
959	0
960	0
961	0
962	0
963	0
964	0
965	0
966	0
967	0
968	0
969	0
970	0
971	0
972	0
973	0
974	0
975	0
976	0
977	0
978	0
979	0
980	0
981	0
982	0
983	0
984	0
985	0
986	0
987	0
988	0
989	0
990	0
991	0
992	0
993	0
994	0
995	0
996	0
997	0
998	0
999	0
1000	0
1001	0
1002	0
1003	0
1004	0
1005	0
1006	0
1007	0
1008	0
1009	0
1010	0
1011	0
1012	0
1013	0
1014	0
1015	0
1016	0
1017	0
1018	0
1019	0
1020	0
1021	0
1022	0
1023	0
