0	0
1	0
2	0
3	0
4	0
5	0
6	0
7	1
8	3
9	1
10	1
11	0
12	2
13	5
14	2
15	3
16	4
17	2
18	3
19	2
20	4
21	2
22	3
23	3
24	7
25	4
26	9
27	9
28	8
29	10
30	12
31	12
32	11
33	8
34	13
35	14
36	19
37	18
38	17
39	7
40	14
41	16
42	21
43	9
44	20
45	9
46	14
47	16
48	16
49	23
50	18
51	11
52	20
53	16
54	18
55	21
56	14
57	14
58	20
59	12
60	11
61	20
62	11
63	15
64	11
65	22
66	22
67	13
68	7
69	15
70	18
71	11
72	12
73	9
74	11
75	22
76	18
77	19
78	18
79	13
80	16
81	15
82	20
83	17
84	15
85	12
86	14
87	16
88	15
89	10
90	16
91	15
92	18
93	16
94	19
95	15
96	18
97	17
98	8
99	22
100	11
101	23
102	15
103	21
104	14
105	16
106	11
107	17
108	28
109	16
110	19
111	22
112	16
113	20
114	13
115	10
116	16
117	17
118	26
119	21
120	16
121	19
122	29
123	15
124	24
125	24
126	26
127	21
128	21
129	14
130	22
131	28
132	14
133	21
134	32
135	24
136	18
137	29
138	17
139	22
140	24
141	26
142	22
143	33
144	8
145	26
146	31
147	29
148	27
149	24
150	20
151	35
152	25
153	24
154	25
155	38
156	18
157	24
158	18
159	23
160	23
161	23
162	26
163	32
164	35
165	24
166	31
167	25
168	22
169	29
170	33
171	26
172	23
173	23
174	32
175	31
176	30
177	23
178	33
179	33
180	36
181	33
182	33
183	37
184	30
185	24
186	39
187	26
188	42
189	33
190	31
191	36
192	29
193	36
194	36
195	30
196	30
197	36
198	37
199	35
200	31
201	35
202	38
203	32
204	27
205	28
206	37
207	35
208	29
209	39
210	39
211	40
212	42
213	32
214	40
215	44
216	28
217	45
218	35
219	31
220	32
221	27
222	43
223	35
224	39
225	38
226	36
227	36
228	36
229	24
230	38
231	43
232	42
233	41
234	33
235	34
236	35
237	33
238	30
239	44
240	35
241	43
242	36
243	43
244	25
245	40
246	40
247	39
248	34
249	37
250	30
251	33
252	36
253	43
254	30
255	30
256	40
257	33
258	40
259	35
260	30
261	33
262	35
263	36
264	30
265	28
266	29
267	33
268	31
269	30
270	39
271	36
272	23
273	31
274	37
275	22
276	24
277	33
278	31
279	36
280	47
281	39
282	26
283	27
284	36
285	43
286	34
287	33
288	29
289	34
290	26
291	31
292	37
293	26
294	29
295	21
296	33
297	30
298	26
299	23
300	30
301	27
302	29
303	28
304	34
305	24
306	26
307	29
308	29
309	28
310	31
311	24
312	30
313	24
314	28
315	21
316	27
317	24
318	25
319	15
320	24
321	24
322	18
323	25
324	29
325	31
326	25
327	20
328	22
329	24
330	19
331	16
332	19
333	21
334	20
335	17
336	24
337	15
338	18
339	20
340	14
341	21
342	18
343	18
344	21
345	14
346	19
347	18
348	16
349	16
350	20
351	17
352	16
353	12
354	16
355	15
356	16
357	20
358	10
359	5
360	14
361	12
362	22
363	9
364	15
365	13
366	14
367	11
368	16
369	15
370	9
371	11
372	18
373	19
374	6
375	14
376	14
377	11
378	13
379	12
380	10
381	12
382	9
383	14
384	9
385	8
386	12
387	8
388	10
389	11
390	10
391	8
392	5
393	3
394	14
395	11
396	6
397	9
398	10
399	6
400	5
401	6
402	4
403	8
404	8
405	5
406	8
407	12
408	4
409	7
410	2
411	15
412	7
413	13
414	4
415	5
416	7
417	11
418	5
419	4
420	9
421	8
422	3
423	9
424	6
425	8
426	4
427	2
428	2
429	1
430	5
431	4
432	5
433	3
434	0
435	7
436	4
437	4
438	2
439	2
440	4
441	6
442	3
443	4
444	3
445	2
446	1
447	2
448	4
449	5
450	5
451	2
452	2
453	3
454	3
455	4
456	2
457	4
458	6
459	7
460	2
461	3
462	2
463	2
464	5
465	3
466	1
467	3
468	3
469	1
470	3
471	2
472	2
473	1
474	4
475	0
476	1
477	1
478	1
479	0
480	1
481	3
482	1
483	0
484	4
485	2
486	2
487	0
488	2
489	1
490	1
491	1
492	3
493	1
494	1
495	2
496	4
497	0
498	2
499	0
500	2
501	2
502	1
503	3
504	2
505	0
506	1
507	0
508	1
509	1
510	0
511	1
512	1
513	0
514	3
515	0
516	1
517	0
518	1
519	0
520	0
521	0
522	0
523	0
524	0
525	1
526	0
527	2
528	1
529	1
530	2
531	1
532	2
533	0
534	0
535	0
536	0
537	0
538	1
539	0
540	0
541	0
542	0
543	0
544	0
545	0
546	2
547	1
548	1
549	0
550	0
551	0
552	1
553	0
554	0
555	1
556	0
557	0
558	1
559	1
560	0
561	0
562	0
563	1
564	0
565	0
566	0
567	0
568	0
569	0
570	0
571	0
572	0
573	0
574	0
575	0
576	2
577	0
578	0
579	0
580	0
581	0
582	0
583	0
584	0
585	0
586	0
587	0
588	0
589	0
590	0
591	0
592	0
593	0
594	0
595	0
596	0
597	0
598	0
599	0
600	0
601	0
602	0
603	0
604	0
605	0
606	0
607	0
608	0
609	0
610	0
611	0
612	0
613	0
614	0
615	0
616	0
617	0
618	0
619	0
620	0
621	0
622	0
623	0
624	0
625	0
626	0
627	0
628	0
629	0
630	1
631	0
632	2
633	0
634	0
635	0
636	1
637	0
638	0
639	0
640	0
641	0
642	0
643	0
644	0
645	0
646	0
647	0
648	1
649	1
650	0
651	0
652	0
653	0
654	0
655	0
656	0
657	0
658	0
659	0
660	0
661	0
662	0
663	0
664	0
665	0
666	0
667	0
668	1
669	0
670	0
671	0
672	1
673	0
674	0
675	0
676	0
677	0
678	0
679	0
680	0
681	0
682	0
683	0
684	0
685	0
686	0
687	0
688	1
689	0
690	0
691	0
692	0
693	0
694	0
695	0
696	0
697	0
698	0
699	0
700	0
701	0
702	0
703	0
704	0
705	0
706	0
707	0
708	0
709	0
710	0
711	0
712	0
713	0
714	1
715	0
716	0
717	0
718	0
719	0
720	0
721	0
722	0
723	1
724	0
725	0
726	0
727	0
728	0
729	0
730	0
731	0
732	0
733	0
734	0
735	0
736	0
737	0
738	0
739	0
740	0
741	0
742	0
743	1
744	0
745	0
746	0
747	0
748	0
749	0
750	0
751	0
752	0
753	0
754	0
755	0
756	0
757	0
758	0
759	0
760	0
761	0
762	0
763	0
764	0
765	0
766	0
767	0
768	0
769	0
770	0
771	0
772	0
773	0
774	0
775	1
776	0
777	0
778	1
779	0
780	0
781	0
782	0
783	0
784	0
785	0
786	0
787	0
788	0
789	0
790	0
791	0
792	0
793	0
794	0
795	0
796	0
797	0
798	0
799	0
800	0
801	0
802	0
803	0
804	0
805	0
806	0
807	0
808	0
809	0
810	0
811	0
812	0
813	0
814	0
815	0
816	0
817	0
818	0
819	0
820	0
821	0
822	0
823	0
824	0
825	0
826	0
827	0
828	0
829	0
830	0
831	0
832	0
833	0
834	0
835	0
836	0
837	0
838	0
839	0
840	0
841	0
842	0
843	0
844	0
845	0
846	0
847	0
848	0
849	0
850	0
851	0
852	0
853	0
854	0
855	0
856	0
857	0
858	0
859	0
860	0
861	0
862	0
863	0
864	0
865	0
866	0
867	1
868	0
869	0
870	0
871	0
872	0
873	0
874	0
875	0
876	0
877	1
878	0
879	1
880	0
881	0
882	0
883	0
884	0
885	0
886	0
887	0
888	0
889	0
890	0
891	0
892	0
893	0
894	0
895	0
896	0
897	0
898	0
899	0
900	0
901	0
902	0
903	0
904	0
905	0
906	1
907	0
908	0
909	0
910	0
911	0
912	0
913	0
914	0
915	0
916	0
917	0
918	0
919	0
920	0
921	0
922	0
923	0
924	0
925	0
926	0
927	0
928	0
929	0
930	0
931	0
932	0
933	0
934	0
935	0
936	0
937	0
938	0
939	0
940	0
941	0
942	0
943	0
944	0
945	0
946	0
947	0
948	0
949	0
950	0
951	0
952	0
953	0
954	0
955	0
956	0
957	0
958	0
959	0
960	0
961	0
962	0
963	0
964	0
965	0
966	0
967	0
968	0
969	0
970	0
971	0
972	0
973	0
974	0
975	0
976	0
977	0
978	0
979	0
980	0
981	0
982	0
983	0
984	0
985	0
986	0
987	0
988	0
989	0
990	0
991	0
992	0
993	0
994	0
995	0
996	0
997	0
998	0
999	0
1000	0
1001	0
1002	0
1003	0
1004	0
1005	0
1006	0
1007	0
1008	0
1009	0
1010	0
1011	0
1012	0
1013	0
1014	0
1015	0
1016	0
1017	0
1018	0
1019	0
1020	0
1021	0
1022	0
1023	0
