0	0
1	0
2	0
3	0
4	0
5	0
6	0
7	5
8	4
9	1
10	0
11	2
12	1
13	4
14	8
15	13
16	13
17	17
18	12
19	12
20	34
21	55
22	87
23	63
24	73
25	95
26	93
27	104
28	105
29	111
30	105
31	115
32	129
33	118
34	120
35	99
36	129
37	111
38	109
39	122
40	119
41	106
42	111
43	111
44	133
45	122
46	95
47	101
48	117
49	127
50	117
51	116
52	89
53	105
54	100
55	88
56	106
57	117
58	96
59	111
60	119
61	95
62	108
63	107
64	88
65	104
66	118
67	98
68	100
69	86
70	103
71	93
72	85
73	91
74	89
75	87
76	79
77	87
78	102
79	87
80	69
81	89
82	88
83	89
84	67
85	83
86	84
87	85
88	68
89	78
90	77
91	75
92	81
93	66
94	80
95	68
96	70
97	61
98	63
99	58
100	56
101	51
102	63
103	73
104	52
105	67
106	43
107	52
108	44
109	37
110	64
111	46
112	57
113	61
114	40
115	40
116	44
117	42
118	54
119	52
120	47
121	53
122	43
123	42
124	38
125	31
126	27
127	36
128	35
129	41
130	31
131	37
132	31
133	39
134	34
135	37
136	37
137	30
138	44
139	31
140	31
141	33
142	34
143	27
144	41
145	34
146	20
147	32
148	24
149	29
150	23
151	23
152	16
153	23
154	12
155	23
156	23
157	24
158	20
159	25
160	24
161	18
162	29
163	14
164	16
165	24
166	19
167	10
168	20
169	18
170	22
171	13
172	20
173	17
174	15
175	15
176	16
177	10
178	18
179	11
180	18
181	18
182	18
183	14
184	27
185	13
186	16
187	20
188	21
189	17
190	12
191	18
192	12
193	13
194	11
195	14
196	10
197	19
198	16
199	12
200	15
201	7
202	11
203	13
204	19
205	10
206	6
207	11
208	3
209	11
210	21
211	11
212	10
213	13
214	13
215	18
216	10
217	16
218	12
219	11
220	16
221	7
222	11
223	12
224	8
225	10
226	9
227	9
228	13
229	9
230	6
231	10
232	4
233	7
234	10
235	9
236	9
237	12
238	9
239	6
240	9
241	12
242	9
243	13
244	8
245	4
246	9
247	11
248	6
249	11
250	11
251	6
252	1
253	10
254	10
255	11
256	8
257	8
258	8
259	5
260	6
261	4
262	3
263	11
264	7
265	3
266	15
267	11
268	6
269	10
270	11
271	4
272	9
273	10
274	9
275	7
276	2
277	4
278	6
279	2
280	9
281	9
282	5
283	4
284	8
285	7
286	8
287	4
288	9
289	10
290	7
291	4
292	2
293	5
294	4
295	6
296	7
297	9
298	5
299	5
300	4
301	4
302	5
303	7
304	4
305	4
306	9
307	2
308	7
309	6
310	6
311	4
312	8
313	0
314	4
315	0
316	5
317	6
318	8
319	5
320	5
321	1
322	1
323	1
324	7
325	6
326	5
327	5
328	2
329	9
330	3
331	3
332	8
333	3
334	4
335	1
336	2
337	2
338	3
339	4
340	1
341	1
342	1
343	4
344	2
345	0
346	5
347	5
348	3
349	5
350	7
351	5
352	1
353	3
354	1
355	4
356	0
357	9
358	4
359	2
360	6
361	1
362	4
363	2
364	1
365	1
366	2
367	2
368	1
369	3
370	3
371	5
372	1
373	3
374	3
375	4
376	4
377	5
378	5
379	4
380	2
381	6
382	1
383	4
384	1
385	2
386	1
387	2
388	1
389	1
390	1
391	1
392	2
393	1
394	1
395	2
396	0
397	0
398	2
399	2
400	2
401	1
402	1
403	4
404	4
405	4
406	1
407	6
408	1
409	0
410	1
411	2
412	0
413	2
414	1
415	0
416	1
417	2
418	3
419	1
420	1
421	1
422	0
423	1
424	3
425	2
426	0
427	3
428	1
429	1
430	2
431	1
432	1
433	3
434	2
435	2
436	0
437	2
438	0
439	0
440	1
441	1
442	0
443	1
444	0
445	0
446	0
447	1
448	0
449	3
450	0
451	1
452	2
453	1
454	2
455	2
456	1
457	0
458	0
459	1
460	1
461	0
462	1
463	0
464	2
465	0
466	4
467	0
468	0
469	2
470	0
471	2
472	0
473	2
474	0
475	1
476	0
477	0
478	1
479	2
480	0
481	0
482	1
483	0
484	1
485	0
486	0
487	1
488	0
489	1
490	1
491	0
492	0
493	2
494	0
495	0
496	0
497	1
498	0
499	0
500	0
501	0
502	0
503	0
504	0
505	0
506	0
507	0
508	1
509	0
510	1
511	0
512	0
513	2
514	0
515	0
516	0
517	0
518	0
519	0
520	0
521	0
522	0
523	0
524	0
525	0
526	1
527	0
528	0
529	0
530	0
531	0
532	0
533	0
534	1
535	0
536	0
537	0
538	0
539	0
540	1
541	1
542	0
543	1
544	0
545	1
546	0
547	0
548	0
549	0
550	0
551	1
552	0
553	1
554	1
555	0
556	1
557	0
558	1
559	1
560	0
561	1
562	1
563	0
564	0
565	1
566	0
567	0
568	0
569	0
570	0
571	1
572	0
573	0
574	0
575	0
576	0
577	0
578	1
579	0
580	0
581	0
582	0
583	0
584	0
585	0
586	0
587	0
588	0
589	0
590	0
591	0
592	0
593	0
594	0
595	1
596	0
597	0
598	0
599	0
600	0
601	0
602	0
603	1
604	0
605	0
606	0
607	0
608	0
609	0
610	0
611	0
612	0
613	0
614	1
615	0
616	0
617	0
618	0
619	0
620	0
621	0
622	0
623	0
624	0
625	0
626	0
627	0
628	0
629	1
630	0
631	1
632	0
633	0
634	0
635	0
636	0
637	0
638	0
639	0
640	0
641	0
642	0
643	0
644	0
645	0
646	0
647	0
648	1
649	0
650	0
651	0
652	0
653	0
654	0
655	0
656	0
657	0
658	0
659	0
660	2
661	0
662	0
663	0
664	0
665	0
666	0
667	0
668	0
669	0
670	0
671	0
672	0
673	0
674	0
675	0
676	0
677	0
678	0
679	0
680	0
681	0
682	0
683	0
684	0
685	0
686	0
687	0
688	0
689	0
690	0
691	1
692	0
693	1
694	0
695	0
696	0
697	0
698	1
699	0
700	0
701	0
702	0
703	1
704	0
705	2
706	0
707	0
708	0
709	0
710	0
711	0
712	0
713	0
714	0
715	0
716	1
717	0
718	0
719	0
720	0
721	0
722	0
723	0
724	1
725	0
726	0
727	0
728	0
729	0
730	0
731	0
732	0
733	0
734	0
735	0
736	0
737	0
738	0
739	0
740	0
741	0
742	0
743	0
744	0
745	0
746	0
747	0
748	0
749	0
750	0
751	0
752	0
753	0
754	0
755	1
756	0
757	0
758	0
759	0
760	0
761	0
762	1
763	0
764	0
765	0
766	0
767	1
768	0
769	0
770	0
771	0
772	0
773	0
774	0
775	0
776	0
777	0
778	0
779	0
780	0
781	2
782	0
783	0
784	0
785	1
786	0
787	0
788	0
789	0
790	0
791	0
792	1
793	0
794	0
795	0
796	1
797	0
798	0
799	0
800	0
801	0
802	0
803	0
804	0
805	0
806	0
807	0
808	0
809	0
810	0
811	0
812	1
813	0
814	0
815	0
816	0
817	1
818	0
819	0
820	0
821	0
822	0
823	0
824	0
825	1
826	0
827	0
828	0
829	0
830	0
831	0
832	0
833	0
834	0
835	0
836	0
837	0
838	0
839	0
840	0
841	0
842	1
843	0
844	0
845	0
846	1
847	0
848	1
849	0
850	0
851	0
852	0
853	0
854	0
855	0
856	0
857	0
858	0
859	0
860	0
861	0
862	0
863	0
864	1
865	0
866	0
867	0
868	0
869	0
870	0
871	0
872	0
873	0
874	0
875	0
876	0
877	0
878	0
879	0
880	0
881	0
882	0
883	1
884	0
885	0
886	0
887	0
888	0
889	0
890	0
891	0
892	1
893	0
894	0
895	0
896	0
897	0
898	0
899	0
900	0
901	0
902	0
903	0
904	0
905	0
906	0
907	0
908	0
909	0
910	1
911	0
912	0
913	0
914	0
915	0
916	0
917	0
918	0
919	0
920	0
921	0
922	0
923	0
924	0
925	0
926	0
927	0
928	0
929	0
930	0
931	0
932	0
933	0
934	0
935	0
936	0
937	0
938	0
939	0
940	0
941	0
942	0
943	0
944	0
945	0
946	0
947	0
948	0
949	0
950	0
951	0
952	0
953	0
954	0
955	0
956	0
957	0
958	0
959	0
960	0
961	0
962	0
963	0
964	0
965	0
966	0
967	0
968	0
969	0
970	0
971	0
972	0
973	0
974	0
975	0
976	0
977	0
978	0
979	0
980	0
981	0
982	0
983	0
984	0
985	0
986	0
987	0
988	0
989	0
990	0
991	0
992	0
993	0
994	0
995	0
996	0
997	0
998	0
999	0
1000	0
1001	0
1002	0
1003	0
1004	0
1005	0
1006	0
1007	0
1008	0
1009	0
1010	0
1011	0
1012	0
1013	0
1014	0
1015	0
1016	0
1017	0
1018	0
1019	0
1020	0
1021	0
1022	0
1023	0
