Vernier Format 2
gefehler.cmbl 08.09.2013 16:33:29 ,
Latest
Time	Winkel	Pyro	Sample	Wellenlänge	Energie
t	Pot	Pot	Pot	Lambda	E
s	°	V	V	nm	eV

0	7,439911324	0,030525	0,014652	428,014165376	2,89476400603
0,5	7,439911324	0,02442	0,01221	428,014165376	2,89476400603
1	7,439911324	0,00488401	0,015873	428,014165376	2,89476400603
1,5	7,439911324	0,017094	0,014652	428,014165376	2,89476400603
2	7,439911324	0,00732601	0,00732601	428,014165376	2,89476400603
2,5	7,439911324	0,013431	0,00732601	428,014165376	2,89476400603
3	7,439911324	0,00732601	0,020757	428,014165376	2,89476400603
3,5	7,439911324	0,00610501	0,013431	428,014165376	2,89476400603
4	7,505114346	0,00610501	0,00610501	431,743876325	2,86975697385
4,5	7,439911324	0,00854701	0,00854701	428,014165376	2,89476400603
5	7,439911324	0,031746	0,010989	428,014165376	2,89476400603
5,5	7,439911324	0,00732601	0,014652	428,014165376	2,89476400603
6	7,439911324	0,00610501	0,013431	428,014165376	2,89476400603
6,5	7,439911324	0,00610501	0,00732601	428,014165376	2,89476400603
7	7,505114346	0,00854701	0,00732601	431,743876325	2,86975697385
Vernier Format 2
gefehler.cmbl 08.09.2013 16:33:29 ,
Latest 2
Time	Winkel	Pyro	Sample	Wellenlänge	Energie
t	Pot	Pot	Pot	Lambda	E
s	°	V	V	nm	eV

 	 	 	 	 	 
Vernier Format 2
gefehler.cmbl 08.09.2013 16:33:29 ,
Latest 3
Time	Winkel	Pyro	Sample	Wellenlänge	Energie
t	Pot	Pot	Pot	Lambda	E
s	°	V	V	nm	eV

 	 	 	 	 	 
