Vernier Format 2
gelampe.cmbl 08.09.2013 16:33:14 ,
Latest
Time	Winkel	Pyro	Sample	Wellenlänge	Energie
t	Pot	Pot	Pot	Lambda	E
s	°	V	V	nm	eV

0	-74,130672551	0,010989	0,023199	-3179,49826747	-0,389684124906
0,5	-73,674251397	0,00732601	0,021978	-3172,19723458	-0,390581010062
1	-73,347701836	0,023199	0,020757	-3166,85010304	-0,391240494399
1,5	-72,890746231	0,023199	0,018315	-3159,19496899	-0,392188520228
2	-72,564731121	0,030525	0,020757	-3153,61055875	-0,392883007244
2,5	-72,107775516	0,02442	0,017094	-3145,61142038	-0,393882089813
3	-71,716557384	0,035409	0,015873	-3138,60403961	-0,394761487707
3,5	-71,259601779	0,046398	0,017094	-3130,233937	-0,395817061899
4	-70,933052218	0,017094	0,017094	-3124,13048328	-0,396590349421
4,5	-70,476631064	0,023199	0,01221	-3115,42963268	-0,39769795697
5	-70,215284525	0,02442	0,010989	-3110,3584833	-0,398346366392
5,5	-69,758863371	0,00732601	0,00732601	-3101,34698661	-0,399503830223
6	-69,367110788	0,00732601	0,00854701	-3093,45531966	-0,400522998385
6,5	-69,1062987	0,00732601	0,01221	-3088,12117317	-0,401214826272
7	-68,584140073	0,00488401	0,00854701	-3077,24976758	-0,402632250736
7,5	-68,322793534	0,00610501	0,013431	-3071,71247216	-0,403358065323
8	-67,801169358	0,00610501	0,018315	-3060,46956769	-0,404839836697
8,5	-67,279010731	0,03663	0,020757	-3048,9610923	-0,406367927465
9	-66,95246117	0,0512821	0,017094	-3041,63511561	-0,40734669114
9,5	-66,430836994	0,01221	0,013431	-3029,72787469	-0,408947618811
10	-66,169490455	0,034188	0,014652	-3023,66756651	-0,409767268638
10,5	-65,647331828	0,043956	0,00732601	-3011,37106104	-0,411440495006
11	-65,38651974	0,0622711	0,00732601	-3005,13537558	-0,41229423808
11,5	-64,929564135	0,042735	0,00732601	-2994,06010424	-0,41381934793
12	-64,603549025	0,0573871	0,00976801	-2986,04200351	-0,414930532974
12,5	-64,081390398	0,015873	0,00854701	-2972,99858564	-0,416750955074
13	-63,754840837	0,00610501	0,00976801	-2964,71587915	-0,417915257484
13,5	-63,298419683	0,010989	0,014652	-2952,97776061	-0,419576475153
14	-62,971870122	0,047619	0,010989	-2944,46460698	-0,420789571409
14,5	-62,515448968	0,0512821	0,01221	-2932,4054944	-0,422520010403
15	-62,188899407	0,0781441	0,02442	-2923,66348339	-0,423783382403
15,5	-61,66674078	0,00854701	0,017094	-2909,48763088	-0,425848175758
16	-61,34072567	0,00732601	0,015873	-2900,51418077	-0,427165641256
16,5	-60,883770065	0,02442	0,013431	-2887,7786475	-0,429049505256
17	-60,622957977	0,018315	0,00854701	-2880,42732157	-0,430144510408
17,5	-60,10079935	0,00854701	0,00732601	-2865,53039828	-0,432380686222
18	-59,513437701	0,00732601	0,00732601	-2848,48890297	-0,434967465981
18,5	-59,317828635	0,00610501	0,010989	-2842,74703787	-0,435846026219
19	-58,730466986	0,00488401	0,01221	-2825,30690539	-0,438536428603
19,5	-58,469120447	0,00610501	0,018315	-2817,45136222	-0,439759144244
20	-57,947496271	0,00854701	0,015873	-2801,59730799	-0,442247712213
20,5	-57,686149732	0,00976801	0,017094	-2793,56663885	-0,443519042206
21	-57,098788083	0,013431	0,015873	-2775,30631398	-0,446437207223
21,5	-56,903179017	0,026862	0,019536	-2769,16024285	-0,447428061702
22	-56,315817368	0,039072	0,018315	-2750,51156113	-0,450461658664
22,5	-56,120208302	0,0500611	0,013431	-2744,23673188	-0,451491660907
23	-55,532846653	0,0647131	0,015873	-2725,20317579	-0,454645000787
23,5	-55,337237587	0,0964591	0,015873	-2718,8007602	-0,45571562953
24	-54,749875938	0,0927961	0,017094	-2699,38588406	-0,458993287071
24,5	-54,488529399	0,0500611	0,017094	-2690,65592047	-0,460482513046
25	-53,966370772	0,023199	0,018315	-2673,04636923	-0,463516089455
25,5	-53,705558684	0,0989011	0,01221	-2664,16737521	-0,465060870998
26	-53,118197035	0,137973	0,00854701	-2643,96957603	-0,468613561682
26,5	-52,857384947	0,0866911	0,00976801	-2634,91173537	-0,470224479768
27	-52,33522632	0,102564	0,00854701	-2616,6136091	-0,473512786027
27,5	-52,139617254	0,0720391	0,00854701	-2609,70279854	-0,474766705501
28	-51,552255605	0,14652	0,00854701	-2588,76901388	-0,478605852186
28,5	-51,290909066	0,180708	0,00732601	-2579,36693951	-0,48035042282
29	-50,76928489	0,201465	0,00976801	-2560,44099009	-0,483901017362
29,5	-50,507938351	0,227106	0,00732601	-2550,878726	-0,485714976323
30	-49,920576702	0,192918	0,00732601	-2529,19470199	-0,489879248531
30,5	-49,464155548	0,178266	0,00732601	-2512,16105998	-0,493200861895
31	-49,137605987	0,206349	0,00976801	-2499,87633549	-0,495624516466
31,5	-48,61544736	0,186813	0,00976801	-2480,06427228	-0,499583826859
32	-48,28943225	0,18315	0,00976801	-2467,58985191	-0,502109375688
32,5	-47,832476645	0,184371	0,015873	-2449,97083793	-0,505720305245
33	-47,506461535	0,218559	0,014652	-2437,30523108	-0,50834831198
33,5	-47,04950593	0,240537	0,013431	-2419,41989429	-0,512106229648
34	-46,657753347	0,263736	0,013431	-2403,96405476	-0,515398721352
34,5	-46,201332193	0,286935	0,00976801	-2385,81514944	-0,519319361473
35	-45,679173566	0,266178	0,00732601	-2364,86668305	-0,523919597195
35,5	-45,417827027	0,260073	0,00976801	-2354,30786538	-0,526269320263
36	-44,830465378	0,288156	0,00854701	-2330,39909933	-0,531668588594
36,5	-44,634856312	0,315018	0,00732601	-2322,3822768	-0,533503899156
37	-44,112697685	0,347985	0,00976801	-2300,84986541	-0,538496674045
37,5	-43,851885597	0,289377	0,00976801	-2290,02300489	-0,541042599727
38	-43,264523948	0,352869	0,014652	-2265,46696522	-0,546907114084
38,5	-43,068914882	0,3663	0,014652	-2257,23609246	-0,548901377282
39	-42,481553233	0,358974	0,01221	-2232,36326439	-0,555017196245
39,5	-42,220206694	0,372405	0,014652	-2221,22052874	-0,557801435727
40	-41,632845045	0,385836	0,010989	-2196,00956296	-0,564205193318
40,5	-41,176423891	0,409035	0,00854701	-2176,25939708	-0,569325514072
41	-40,84987433	0,429792	0,010989	-2162,04418813	-0,573068768346
41,5	-40,327715703	0,42735	0,00976801	-2139,16807404	-0,579197125759
42	-40,066903615	0,450549	0,010989	-2127,67507161	-0,582325758538
42,5	-39,544744988	0,477411	0,010989	-2104,53326727	-0,588729111234
43	-39,2839329	0,435897	0,01221	-2092,90863154	-0,591999087455
43,5	-38,761774273	0,428571	0,015873	-2069,50545845	-0,598693757942
44	-38,174412624	0,460317	0,019536	-2042,97456665	-0,606468636577
44,5	-37,913600536	0,490842	0,020757	-2031,12478906	-0,610006832999
45	-37,391441909	0,471306	0,015873	-2007,27472275	-0,617254821156
45,5	-37,195832843	0,47619	0,013431	-1998,29707132	-0,620027931674
46	-36,608471194	0,506716	0,00732601	-1971,20003893	-0,628551123951
46,5	-36,347124655	0,465201	0,00732601	-1959,07645271	-0,632440861757
47	-35,825500479	0,473748	0,010989	-1934,7572518	-0,640390415307
47,5	-35,56415394	0,446886	0,010989	-1922,5123085	-0,644469215892
48	-34,976792291	0,489621	0,00976801	-1894,84690715	-0,653878682929
48,5	-34,715980203	0,500611	0,01221	-1882,49834566	-0,658167909074
49	-34,193821576	0,514042	0,019536	-1857,6589546	-0,666968496523
49,5	-33,671662949	0,57265	0,021978	-1832,66527891	-0,676064535219
50	-33,410850861	0,604396	0,015873	-1820,12410148	-0,680722813895
50,5	-32,888692234	0,671551	0,00976801	-1794,90297179	-0,690288009698
51	-32,627880146	0,673993	0,00732601	-1782,2493571	-0,695188916784
51,5	-32,105721519	0,681319	0,00976801	-1756,80548321	-0,705257361637
52	-31,84437498	0,741148	0,014652	-1744,0156019	-0,710429424283
52,5	-31,322750804	0,747253	0,020757	-1718,37992752	-0,721027975336
53	-30,735389155	0,763126	0,013431	-1689,34315545	-0,733421150108
53,5	-30,474042616	0,830281	0,00976801	-1676,36599207	-0,739098744463
54	-29,95241844	0,838828	0,00732601	-1650,36073153	-0,750744959164
54,5	-29,691071901	0,852259	0,00732601	-1637,27988579	-0,756742943437
55	-29,168913274	0,86569	0,00732601	-1611,04319495	-0,769066902666
55,5	-28,908101186	0,870574	0,00732601	-1597,88803269	-0,775398510193
56	-28,320739537	0,899878	0,00732601	-1568,14113387	-0,790107454769
56,5	-28,125130471	0,929182	0,013431	-1558,19778884	-0,795149376335
57	-27,537768822	0,974359	0,00732601	-1528,23190861	-0,810740826064
57,5	-27,276422283	0,981685	0,00610501	-1514,84677564	-0,817904503561
58	-26,754798107	1,02198	0,014652	-1488,03730022	-0,83264041823
58,5	-26,493451568	1,01587	0,014652	-1474,55857793	-0,840251461382
59	-25,971292941	1,04762	0,018315	-1447,53709524	-0,855936614042
59,5	-25,449668765	0,985348	0,00732601	-1420,42323124	-0,872275229486
60	-25,123119204	1,00733	0,015873	-1403,38922243	-0,882862701379
60,5	-24,666163599	1,0928	0,01221	-1379,47635807	-0,89816689699
61	-24,340148489	1,17338	0,015873	-1362,36199748	-0,90944991294
61,5	-23,883192884	1,24664	0,00854701	-1338,29972186	-0,925801582235
62	-23,295831235	1,22955	0,010989	-1307,24573578	-0,947794256345
62,5	-23,100222169	1,23077	0,010989	-1296,8731706	-0,95537484165
63	-22,51286052	1,13309	0,00732601	-1265,6367815	-0,978953850036
63,5	-22,252048432	1,03541	0,00732601	-1251,72373612	-0,98983502849
64	-21,664686783	1,00488	0,00976801	-1220,29633715	-1,01532714824
64,5	-21,469077717	0,970696	0,00976801	-1209,80144061	-1,02413500134
65	-20,881716068	0,913309	0,013431	-1178,20382777	-1,05160072544
65,5	-20,685572551	0,885226	0,018315	-1167,62438044	-1,0611289219
66	-20,098210902	0,875458	0,00976801	-1135,86234415	-1,09080119293
66,5	-19,837398814	0,746032	0,00854701	-1121,72025956	-1,10455346548
67	-19,250037165	0,571429	0,00854701	-1089,78692458	-1,13691949504
67,5	-18,79308156	0,355311	0,013431	-1064,86404903	-1,16352881021
68	-18,532269472	0,178266	0,015873	-1050,60859905	-1,1793164468
68,5	-18,010110845	0,0732601	0,019536	-1022,00336368	-1,21232477703
69	-17,684095735	0,042735	0,014652	-1004,10019718	-1,23394060024
69,5	-17,161937108	0,037851	0,01221	-975,358292834	-1,27030242025
70	-16,639778481	0,029304	0,010989	-946,535381814	-1,3089843484
70,5	-16,378966393	0,00976801	0,015873	-932,109087611	-1,32924355794
71	-15,791604744	0,019536	0,019536	-899,550094738	-1,37735519928
71,5	-15,595995678	0,041514	0,014652	-888,685819672	-1,39419350751
72	-15,008634029	0,00610501	0,00732601	-856,001571528	-1,44742724921
72,5	-14,812490512	0,00610501	0,00854701	-845,066789347	-1,46615630341
73	-14,225128863	0,00488401	0,013431	-812,26331017	-1,52536743256
73,5	-13,964316775	0,00610501	0,017094	-797,669679735	-1,5532745339
74	-13,442158148	0,00610501	0,017094	-768,403147657	-1,61243483161
74,5	-13,18134606	0,00610501	0,020757	-753,760808057	-1,64375752461
75	-12,593984411	0,013431	0,00854701	-720,728809707	-1,71909320581
75,5	-12,137028806	0,00610501	0,00976801	-694,978014193	-1,78279021019
76	-11,811013696	0,00976801	0,00976801	-676,578986401	-1,831271773
76,5	-11,288855069	0,00610501	0,00854701	-647,064990468	-1,91479993239
77	-11,028042981	0,00488401	0,015873	-632,302818251	-1,95950415566
77,5	-10,505884354	0,017094	0,019536	-602,709157902	-2,05571789271
78	-9,918522705	0,02442	0,015873	-569,360375433	-2,17612614692
78,5	-9,657176166	0,023199	0,015873	-554,502392908	-2,23443580379
79	-9,13555199	0,047619	0,010989	-524,813010787	-2,36084086052
79,5	-8,874205451	0,041514	0,00732601	-509,9213898	-2,42978628625
80	-8,352046824	0,02442	0,00976801	-480,137135958	-2,58051274774
80,5	-8,091234736	0,025641	0,010989	-465,245163608	-2,66311204697
81	-7,503873087	0,02442	0,00976801	-431,672879649	-2,87022895904
81,5	-7,243060999	0,025641	0,021978	-416,750687512	-2,97300049437
82	-6,720902372	0,0671551	0,021978	-386,850084867	-3,20279107713
82,5	-6,198743745	0,017094	0,017094	-356,917353065	-3,47139187647
83	-5,937931657	0,0647131	0,017094	-341,955049425	-3,62328324171
83,5	-5,350570008	0,0903541	0,01221	-308,233733057	-4,01967684624
84	-5,089223469	0,0854701	0,00732601	-293,218810966	-4,2255133493
84,5	-4,632802315	0,103785	0,00732601	-266,981987453	-4,64076251668
85	-4,306252754	0,0659341	0,00732601	-248,200183219	-4,99193829727
85,5	-3,784094127	0,0915751	0,010989	-218,151240575	-5,67954597339
86	-3,197266929	0,128205	0,01221	-184,359281015	-6,7205729659
86,5	-3,001123412	0,13431	0,020757	-173,060030841	-7,15936541778
87	-2,413761763	0,166056	0,023199	-139,212253071	-8,90007864013
87,5	-2,218152697	0,206349	0,017094	-127,936503752	-9,68449163188
88	-1,630791048	0,333333	0,01221	-94,0700138037	-13,1710409077
88,5	-1,435181982	1,24664	0,00976801	-82,7890857096	-14,9657408266
89	-0,847820333	5	0,010989	-48,9102078351	-25,3321352503
89,5	-0,586473794	5	0,00854701	-33,8339385607	-36,6200345779
90	0,000353403999995	5	0,00732601	0,020388392704	60769,8712689
90,5	0,196496921	5	0,00732601	11,3361720219	109,296153729
91	0,78385857	1,97436	0,00854701	45,2205346147	27,3990568788
91,5	1,305482746	0,525031	0,010989	75,3086889862	16,4522848117
92	1,566829285	0,283272	0,00976801	90,3814030634	13,7085723169
92,5	2,088987912	0,199023	0,01221	120,490063481	10,2830056206
93	2,3498	0,161172	0,013431	135,525393624	9,14219812882
93,5	2,871958627	0,0769231	0,00976801	165,618112323	7,4810658244
94	3,197973737	0,0793651	0,015873	184,399994314	6,71908914428
94,5	3,720132364	0,120879	0,013431	214,469102858	5,77705591848
95	4,242290991	0,0683761	0,015873	244,520399046	5,06706190908
95,5	4,503103079	0,0573871	0,020757	259,523218451	4,7741393136
96	5,025261706	0,046398	0,019536	289,543128559	4,27915525458
96,5	5,286073794	0,00610501	0,018315	304,528870493	4,06857976387
97	5,873435443	0,031746	0,013431	338,253917019	3,66292875754
97,5	6,06957896	0,023199	0,00976801	349,508315025	3,54498003835
98	6,656940609	0,0525031	0,00854701	383,185155023	3,23342379985
98,5	6,917752697	0,034188	0,00854701	398,126319933	3,11207759439
99	7,439911324	0,013431	0,00732601	428,014165376	2,89476400603
99,5	7,700723412	0,00610501	0,01221	442,929635049	2,79728404233
100	8,288085061	0,00488401	0,015873	476,485925774	2,60028666741
100,5	8,483694127	0,00610501	0,015873	487,650237169	2,54075545455
101	9,071055776	0,039072	0,019536	521,1389959	2,37748472048
101,5	9,332402315	0,0610501	0,017094	536,022421134	2,31147047427
102	9,854560942	0,00976801	0,015873	565,725126508	2,19010954604
102,5	10,376185118	0,010989	0,015873	595,350517572	2,08112693855
103	10,637531657	0,00610501	0,015873	610,175165581	2,03056445082
103,5	11,159690284	0,00732601	0,014652	639,755817382	1,93667641049
104	11,616111438	0,014652	0,00732601	665,568958741	1,86156518228
104,5	12,007864021	0,00488401	0,00854701	687,691113152	1,80168098192
105	12,530022648	0,030525	0,00732601	717,127097672	1,72772721045
105,5	12,790834736	0,00854701	0,020757	731,807873582	1,69306732645
106	13,312993363	0,00732601	0,017094	761,153634979	1,62779226566
106,5	13,573805451	0,01221	0,018315	775,787975687	1,59708585184
107	14,095964078	0,0549451	0,00732601	805,038033914	1,53905771877
107,5	14,356776166	0,00976801	0,00732601	819,623206593	1,51167022851
108	14,944137815	0,040293	0,010989	852,407080306	1,4535308641
108,5	15,140281332	0,020757	0,021978	863,335143525	1,43513212603
109	15,727642981	0,00610501	0,015873	895,998757688	1,38281441729
109,5	16,249267157	0,031746	0,00976801	924,927826958	1,33956397882
110	16,575816718	0,040293	0,00854701	942,999269693	1,31389285212
110,5	17,032772323	0,025641	0,013431	968,235905585	1,27964682249
111	17,358787433	0,21978	0,020757	986,203441174	1,25633307315
111,5	17,88094606	0,478632	0,014652	1014,91418657	1,22079286741
112	18,403104687	0,869353	0,00732601	1043,54064005	1,18730402291
112,5	18,663916775	1,18681	0,00854701	1057,80690817	1,17129127294
113	19,186075402	1,39683	0,01221	1086,30251372	1,14056626432
113,5	19,44688749	1,558	0,017094	1100,50209416	1,12584974311
114	19,969046117	1,62637	0,00854701	1128,86153049	1,09756596938
114,5	20,295595678	1,65324	0,00732601	1146,54956173	1,08063361703
115	20,817219854	1,66667	0,010989	1174,72659518	1,05471350107
115,5	21,078566393	1,66667	0,01221	1188,80751579	1,04222086717
116	21,665928042	1,61538	0,014652	1220,36288839	1,01527177841
116,5	21,861537108	1,63126	0,00854701	1230,84347108	1,00662678002
117	22,448898757	1,77411	0,00732601	1262,22715128	0,981598279472
117,5	22,709710845	1,86935	0,00976801	1276,12042962	0,970911499603
118	23,231869472	1,93529	0,018315	1303,85570497	0,950258525753
118,5	23,754028099	1,89133	0,00976801	1331,48269086	0,93054157482
119	24,014840187	1,81563	0,00732601	1345,24077572	0,921024713468
119,5	24,536998814	1,75702	0,00854701	1372,70108584	0,902599999943
120	24,797810902	1,77289	0,013431	1386,37463524	0,893697827778
120,5	25,319969529	1,82295	0,014652	1413,66314164	0,876446420302
121	25,776925134	1,77167	0,00854701	1437,44782027	0,861944331145
121,5	26,168677717	1,78999	0,00732601	1457,76592666	0,849930690064
122	26,429489805	1,77778	0,014652	1471,25512135	0,84213810509
122,5	26,951648432	1,80952	0,01221	1498,169259	0,827009359961
123	27,539010081	1,75824	0,00732601	1528,29540532	0,810707141882
123,5	27,734619147	1,73016	0,00976801	1538,29282214	0,805438328883
124	28,321980796	1,67277	0,015873	1568,20417223	0,790075694186
124,5	28,582792884	1,66422	0,010989	1581,4333586	0,783466463041
125	29,104951511	1,60684	0,00732601	1607,82009157	0,770608606332
125,5	29,365763599	1,52747	0,00854701	1620,95008341	0,764366535825
126	29,887922226	1,51526	0,014652	1647,13576545	0,752214860482
126,5	30,214471787	1,47863	0,017094	1663,44247725	0,744840904897
127	30,736630414	1,41514	0,00854701	1689,40470652	0,733394428946
127,5	31,193051568	1,35531	0,00854701	1711,98355345	0,723721905798
128	31,519601129	1,29548	0,013431	1728,07115543	0,716984364969
128,5	32,041759756	1,25641	0,015873	1753,67866489	0,706514839239
129	32,302571844	1,19048	0,00854701	1766,4149031	0,701420712554
129,5	32,824730471	1,11111	0,00610501	1791,80322133	0,69148218133
130	33,150745581	1,01954	0,013431	1807,57934925	0,685447087294
130,5	33,672904208	0,940171	0,017094	1832,7248744	0,676042551345
131	33,933716296	0,90232	0,01221	1845,22789593	0,671461775931
131,5	34,455874923	0,880342	0,00732601	1870,14440018	0,662515685891
132	34,717221462	0,835165	0,017094	1882,55720762	0,658147330123
132,5	35,238845638	0,786325	0,019536	1907,21469386	0,649638451291
133	35,761004265	0,799756	0,00976801	1931,73912391	0,641390954227
133,5	36,022350804	0,794872	0,00732601	1943,95377056	0,637360835822
134	36,54397498	0,753358	0,017094	1968,21193062	0,629505380353
134,5	36,870524541	0,704518	0,017094	1983,31523377	0,624711583365
135	37,392683168	0,704518	0,00854701	2007,33161684	0,617237326213
135,5	37,914841795	0,665446	0,00732601	2031,18128449	0,609989866224
136	38,175653883	0,666667	0,015873	2043,03086119	0,606451925683
136,5	38,69781251	0,67033	0,018315	2066,62683344	0,599527684415
137	39,02382762	0,684982	0,00732601	2081,27230778	0,595308934524
137,5	39,545986247	0,68254	0,00854701	2104,58848725	0,588713664217
138	39,806798335	0,641026	0,019536	2116,16930696	0,58549190555
138,5	40,328956962	0,628816	0,015873	2139,22266584	0,579182344963
139	40,590303501	0,659341	0,00854701	2150,69454547	0,576092966158
139,5	41,111927677	0,649573	0,00854701	2173,45736446	0,570059491509
140	41,568883282	0,623932	0,017094	2193,25018959	0,564915031526
140,5	41,895432843	0,58486	0,018315	2207,30914138	0,561316934167
141	42,482794492	0,564103	0,00854701	2232,4160759	0,555004066391
141,5	42,678403558	0,531136	0,00854701	2240,72549333	0,552945911353
142	43,265765207	0,484737	0,017094	2265,51911093	0,546894525862
142,5	43,526577295	0,47619	0,015873	2276,45229265	0,544267940076
143	44,048735922	0,478632	0,00732601	2298,1990813	0,539117785784
143,5	44,30954801	0,424908	0,010989	2308,9899788	0,536598257842
144	44,896909659	0,434676	0,01221	2333,11606962	0,531049447618
144,5	45,093053176	0,449328	0,010989	2341,11824959	0,529234266666
145	45,679880374	0,411477	0,00732601	2364,8951726	0,52391328561
145,5	46,202039001	0,40293	0,015873	2385,84337195	0,519313218364
146	46,46338554	0,3663	0,014652	2396,25389198	0,517057063172
146,5	46,985009716	0,429792	0,00732601	2416,88307964	0,512643747825
147	47,311559277	0,31746	0,010989	2429,69561053	0,509940419957
147,5	47,768514882	0,323565	0,021978	2447,49218084	0,506232465091
148	48,094529992	0,295482	0,014652	2460,09406085	0,503639279375
148,5	48,616688619	0,296703	0,00732601	2480,11161378	0,499574290574
149	49,073644224	0,252747	0,013431	2497,46058476	0,496103925548
149,5	49,399659334	0,20757	0,020757	2509,74118053	0,493676403612
150	49,921817961	0,208791	0,010989	2529,24080744	0,489870318537
150,5	50,182630049	0,175824	0,00976801	2538,90207642	0,488006217927
151	50,769991698	0,152625	0,015873	2560,46677895	0,483896143541
151,5	50,966135215	0,155067	0,017094	2567,60827419	0,482550244309
152	51,552962413	0,174603	0,00732601	2588,79436871	0,478601164686
152,5	51,814308952	0,15873	0,01221	2598,14243536	0,476879166876
153	52,336467579	0,152625	0,019536	2616,65736512	0,473504867896
153,5	52,858091755	0,185592	0,01221	2634,93635624	0,470220085987
154	53,119438294	0,142857	0,00732601	2644,01255334	0,468605944566
154,5	53,641596921	0,0891331	0,01221	2661,98144738	0,465442763029
155	53,902409009	0,0695971	0,023199	2670,87399676	0,463893093236
155,5	54,424567636	0,0610501	0,010989	2688,51082147	0,460849921118
156	54,946726263	0,01221	0,00732601	2705,92435661	0,457884196567
156,5	55,272741373	0,00732601	0,014652	2716,68280549	0,456070910264
157	55,7949	0,045177	0,015873	2733,73056359	0,453226816316
157,5	56,0559258684	0,00976801	0,00732601	2742,16766676	0,451832327767
158	56,5779776052	0,00610501	0,00854701	2758,87095875	0,449096756798
158,5	56,8390034736	0,023199	0,020757	2767,1368009	0,447755239133
159	57,3610552104	0,0610501	0,010989	2783,49601971	0,445123683032
159,5	57,6873375459	0,034188	0,00732601	2793,60326966	0,443513226611
160	58,2093892827	0,02442	0,01221	2809,58629621	0,440990191927
160,5	58,7314410195	0,0634921	0,014652	2825,336073	0,438531901334
161	58,9924668879	0,041514	0,010989	2833,12308338	0,437326569844
161,5	59,5797750918	0,00610501	0,010989	2850,42862042	0,434671470502
162	59,9060574273	0,00488401	0,015873	2859,91351028	0,433229884592
162,5	60,362852697	0,00976801	0,013431	2873,03647503	0,431251051202
163	60,8849044338	0,01221	0,00732601	2887,81049057	0,429044774249
163,5	61,1459303022	0,01221	0,013431	2895,10767027	0,427963357883
164	61,7332385061	0,047619	0,018315	2911,30640012	0,425582137267
164,5	61,9290079074	0,019536	0,00854701	2916,63808341	0,42480416307
165	62,5163161113	0,00610501	0,013431	2932,42858189	0,422516683834
165,5	62,7773419797	0,00610501	0,017094	2939,34777808	0,421522083654
166	63,2993937165	0,00732601	0,00854701	2953,00301033	0,419572887553
166,5	63,8214454533	0,00488401	0,00854701	2966,41308648	0,41767615092
167	64,0824713217	0,00488401	0,018315	2973,02584232	0,416747134305
167,5	64,6045230585	0,034188	0,01221	2986,06610327	0,414927184179
168	64,8655489269	0,010989	0,00854701	2992,49333774	0,414036009496
168,5	65,3876006637	0,00610501	0,017094	3005,16134768	0,412290674827
169	65,9096524005	0,031746	0,019536	3017,57987137	0,410593937133
169,5	66,235934736	0,00976801	0,00854701	3025,21429748	0,409557762911
170	66,7579864728	0,00610501	0,00976801	3037,22521637	0,40793813818
170,5	67,0190123412	0,00854701	0,017094	3043,13618176	0,407145762134
171	67,541064078	0,00732601	0,013431	3054,76851101	0,405595381625
171,5	68,0631158148	0,00488401	0,00854701	3066,14723567	0,404090183794
172	68,3241416832	0,003663	0,018315	3071,74120024	0,403354292967
172,5	68,9114498871	0,00610501	0,017094	3084,09434617	0,401738682715
173	69,1072192884	0,00610501	0,00732601	3088,1401137	0,401212365496
173,5	69,6945274923	0,00610501	0,01221	3100,0609117	0,399669566273
174	69,9555533607	0,00610501	0,018315	3105,25456312	0,399001104358
174,5	70,4776050975	0,034188	0,010989	3115,44841158	0,397695559778
175	70,9996568343	0,034188	0,00976801	3125,38361783	0,396431334999
175,5	71,2606827027	0,00732601	0,014652	3130,25397153	0,395814528555
176	71,7827344395	0,00610501	0,017094	3139,79967469	0,394611162613
176,5	72,0437603079	0,00610501	0,00854701	3144,47482602	0,394024461493
177	72,5658120447	0,00610501	0,01221	3153,62924302	0,392880679535
177,5	73,0878637815	0,00488401	0,014652	3162,52184808	0,391775949548
178	73,414146117	0,00610501	0,00854701	3167,94644592	0,391105096361
178,5	73,9361978538	0,00488401	0,00976801	3176,41204169	0,390062744926
179	74,1972237222	0,00488401	0,021978	3180,54599389	0,389555756269
179,5	74,719275459	0,00732601	0,014652	3188,61577792	0,388569864259
180	75,2413271958	0,00610501	0,00732601	3196,42084544	0,387621048639
180,5	75,5023530642	0,013431	0,018315	3200,22390716	0,387160410003
181	76,024404801	0,00610501	0,020757	3207,63069188	0,386266412508
181,5	76,3506871365	0,015873	0,00732601	3212,12474245	0,385725991156
182	76,6117130049	0,025641	0,00976801	3215,64498905	0,385303727315
182,5	76,6117130049	0,00610501	0,017094	3215,64498905	0,385303727315
183	76,6117130049	0,00610501	0,010989	3215,64498905	0,385303727315
Vernier Format 2
gelampe.cmbl 08.09.2013 16:33:15 ,
Latest 2
Time	Winkel	Pyro	Sample	Wellenlänge	Energie
t	Pot	Pot	Pot	Lambda	E
s	°	V	V	nm	eV

 	 	 	 	 	 
Vernier Format 2
gelampe.cmbl 08.09.2013 16:33:15 ,
Latest 3
Time	Winkel	Pyro	Sample	Wellenlänge	Energie
t	Pot	Pot	Pot	Lambda	E
s	°	V	V	nm	eV

 	 	 	 	 	 
