Vernier Format 2
genormal.cmbl 08.09.2013 16:32:53 ,
Latest
Time	Winkel	Pyro	Sample	Wellenlänge	Energie
t	Pot	Pot	Pot	Lambda	E
s	°	V	V	nm	eV

0	-77,393495906	0,00732601	0,014652	-3225,78869946	-0,384092113723
0,5	-77,132683818	0,017094	0,00732601	-3222,47130255	-0,38448752019
1	-76,545322169	0,00610501	0,01221	-3214,755955	-0,385410282256
1,5	-76,349713103	0,032967	0,00732601	-3212,11148154	-0,385727583591
2	-76,023163542	0,00610501	0,00732601	-3207,61339668	-0,386268495225
2,5	-75,566742388	0,00854701	0,010989	-3201,15182855	-0,387048183391
3	-75,174989805	0,019536	0,00732601	-3195,44375568	-0,387739573822
3,5	-74,7180342	0,01221	0,010989	-3188,59690444	-0,388572164225
4	-74,39201909	0,010989	0,00976801	-3183,58802372	-0,389183522105
4,5	-73,869860463	0,00610501	0,00732601	-3175,35092499	-0,390193093384
5	-73,609048375	0,00610501	0,014652	-3171,13778625	-0,39071149963
5,5	-73,15209277	0,00610501	0,013431	-3163,59779826	-0,391642705239
6	-72,695137165	0,00732601	0,00976801	-3155,85658537	-0,392603391974
6,5	-72,303919033	0,00610501	0,018315	-3149,06950785	-0,393449556102
7	-71,781760406	0,029304	0,00732601	-3139,78210698	-0,39461337054
7,5	-71,520413867	0,00610501	0,00732601	-3135,03568255	-0,395210812718
8	-70,933052218	0,00732601	0,014652	-3124,13048328	-0,396590349421
8,5	-70,737443152	0,00854701	0,00732601	-3120,42579091	-0,3970611971
9	-70,150081503	0,00488401	0,00732601	-3109,08319767	-0,398509760346
9,5	-69,954472437	0,00732601	0,014652	-3105,23318872	-0,399003850822
10	-69,367110788	0,014652	0,00610501	-3093,45531966	-0,400522998385
10,5	-69,1062987	0,00488401	0,00854701	-3088,12117317	-0,401214826272
11	-68,584140073	0,00610501	0,01221	-3077,24976758	-0,402632250736
11,5	-68,322793534	0,00732601	0,00732601	-3071,71247216	-0,403358065323
12	-67,735966336	0,00610501	0,00854701	-3059,04634969	-0,405028187992
12,5	-67,539822819	0,010989	0,01221	-3054,74115374	-0,405599014005
13	-66,95246117	0,00976801	0,00732601	-3041,63511561	-0,40734669114
13,5	-66,691649082	0,00732601	0,00976801	-3035,71294656	-0,408141356515
14	-66,169490455	0,00610501	0,015873	-3023,66756651	-0,409767268638
14,5	-65,71253485	0,00732601	0,00854701	-3012,92023767	-0,411228941447
15	-65,38651974	0,00488401	0,00610501	-3005,13537558	-0,41229423808
15,5	-64,864361113	0,00610501	0,01221	-2992,46423079	-0,41404003672
16	-64,603549025	0,00976801	0,010989	-2986,04200351	-0,414930532974
16,5	-64,081390398	0,014652	0,00732601	-2972,99858564	-0,416750955074
17	-63,82057831	0,00488401	0,00854701	-2966,39101584	-0,417679258528
17,5	-63,298419683	0,014652	0,010989	-2952,97776061	-0,419576475153
18	-62,971870122	0,00976801	0,00732601	-2944,46460698	-0,420789571409
18,5	-62,776261056	0,00610501	0,00854701	-2939,31925097	-0,421526174671
19	-62,188899407	0,00610501	0,014652	-2923,66348339	-0,423783382403
19,5	-61,66674078	0,00610501	0,00854701	-2909,48763088	-0,425848175758
20	-61,405928692	0,014652	0,00732601	-2902,3163928	-0,426900390004
20,5	-60,948973087	0,00854701	0,010989	-2889,6071353	-0,428778010984
21	-60,557754955	0,00610501	0,01221	-2878,5801583	-0,430420530909
21,5	-60,10079935	0,00732601	0,00732601	-2865,53039828	-0,432380686222
22	-59,513437701	0,00610501	0,00854701	-2848,48890297	-0,434967465981
22,5	-59,317828635	0,00854701	0,00976801	-2842,74703787	-0,435846026219
23	-58,730466986	0,00854701	0,00732601	-2825,30690539	-0,438536428603
23,5	-58,534323469	0,00488401	0,013431	-2819,41672639	-0,439452596136
24	-57,947496271	0,013431	0,00732601	-2801,59730799	-0,442247712213
24,5	-57,686149732	0,00488401	0,014652	-2793,56663885	-0,443519042206
25	-57,163991105	0,015873	0,00854701	-2777,34781951	-0,44610905098
25,5	-56,903179017	0,00610501	0,00854701	-2769,16024285	-0,447428061702
26	-56,315817368	0,00610501	0,013431	-2750,51156113	-0,450461658664
26,5	-56,120208302	0,00610501	0,00732601	-2744,23673188	-0,451491660907
27	-55,532846653	0,00610501	0,00976801	-2725,20317579	-0,454645000787
27,5	-55,337237587	0,031746	0,00854701	-2718,8007602	-0,45571562953
28	-54,749875938	0,00732601	0,00610501	-2699,38588406	-0,458993287071
28,5	-54,227717311	0,010989	0,010989	-2681,8879994	-0,461987972756
29	-53,966370772	0,030525	0,00732601	-2673,04636923	-0,463516089455
29,5	-53,444746596	0,043956	0,00976801	-2655,23317714	-0,466625684956
30	-53,118197035	0,030525	0,013431	-2643,96957603	-0,468613561682
30,5	-52,66124143	0,00610501	0,00732601	-2628,06381367	-0,471449739369
31	-52,33522632	0,00732601	0,01221	-2616,6136091	-0,473512786027
31,5	-51,813067693	0,045177	0,00976801	-2598,09816456	-0,476887292752
32	-51,552255605	0,0500611	0,00732601	-2588,76901388	-0,478605852186
32,5	-51,030096978	0,0793651	0,010989	-2569,93059049	-0,482114188059
33	-50,76928489	0,032967	0,00732601	-2560,44099009	-0,483901017362
33,5	-50,247126263	0,026862	0,014652	-2541,28310574	-0,487548985471
34	-49,985779724	0,0891331	0,00732601	-2531,61500273	-0,489410909109
34,5	-49,464155548	0,0732601	0,00854701	-2512,16105998	-0,493200861895
35	-48,941996921	0,0720391	0,00976801	-2492,47864909	-0,497095531972
35,5	-48,61544736	0,100122	0,00854701	-2480,06427228	-0,499583826859
36	-48,028085711	0,0866911	0,018315	-2457,53215395	-0,504164308902
36,5	-47,832476645	0,0976801	0,00732601	-2449,97083793	-0,505720305245
37	-47,245114996	0,0720391	0,00854701	-2427,09497826	-0,510486821116
37,5	-46,984302908	0,120879	0,00732601	-2416,85526195	-0,512649648287
38	-46,462144281	0,148962	0,00732601	-2396,20456513	-0,517067707002
38,5	-45,939985654	0,129426	0,013431	-2375,35485573	-0,521606275801
39	-45,679173566	0,118437	0,00854701	-2364,86668305	-0,523919597195
39,5	-45,157014939	0,151404	0,00610501	-2343,72180678	-0,528646359144
40	-44,896202851	0,128205	0,01221	-2333,08718407	-0,53105602245
40,5	-44,374044224	0,151404	0,00976801	-2311,65108955	-0,535980540316
41	-44,047494663	0,103785	0,00732601	-2298,14761114	-0,539129860065
41,5	-43,591073509	0,141636	0,015873	-2279,14869295	-0,543624031128
42	-43,199320926	0,131868	0,00732601	-2262,72627015	-0,547569547561
42,5	-42,742365321	0,194139	0,00976801	-2243,43690935	-0,552277621375
43	-42,220206694	0,14652	0,014652	-2221,22052874	-0,557801435727
43,5	-41,959394606	0,202686	0,00732601	-2210,05450679	-0,560619657203
44	-41,372032957	0,181929	0,00854701	-2184,74073741	-0,567115346358
44,5	-41,176423891	0,212454	0,013431	-2176,25939708	-0,569325514072
45	-40,589062242	0,238095	0,00732601	-2150,64016563	-0,576107532911
45,5	-40,262512681	0,239316	0,00732601	-2136,29896967	-0,579975002371
46	-39,806091527	0,233211	0,01221	-2116,13798177	-0,585500572589
46,5	-39,2839329	0,296703	0,00854701	-2092,90863154	-0,591999087455
47	-39,022586361	0,255189	0,00732601	-2081,21667459	-0,595324847783
47,5	-38,500962185	0,302808	0,010989	-2057,75136022	-0,602113561412
48	-38,174412624	0,271062	0,00854701	-2042,97456665	-0,606468636577
48,5	-37,652253997	0,282051	0,00854701	-2019,20851304	-0,613606763244
49	-37,391441909	0,301587	0,015873	-2007,27472275	-0,617254821156
49,5	-36,869283282	0,288156	0,01221	-1983,25794574	-0,62472962867
50	-36,281921633	0,255189	0,00732601	-1956,04539126	-0,633420883552
50,5	-36,086312567	0,263736	0,023199	-1946,93702344	-0,636384220488
51	-35,498950918	0,295482	0,020757	-1919,45108829	-0,645497042126
51,5	-35,303341852	0,272283	0,00854701	-1910,25252873	-0,648605344774
52	-34,715980203	0,257631	0,030525	-1882,49834566	-0,658167909074
52,5	-34,520371137	0,25641	0,03663	-1873,21131209	-0,661430983254
53	-33,933009488	0,235653	0,035409	-1845,19406395	-0,67147408731
53,5	-33,736865971	0,228327	0,0634921	-1835,79464988	-0,674912087842
54	-33,149504322	0,227106	0,0781441	-1807,51939442	-0,685469823354
54,5	-32,627880146	0,168498	0,0830281	-1782,2493571	-0,695188916784
55	-32,301330585	0,0915751	0,102564	-1766,35437517	-0,701444748244
55,5	-31,84437498	0,0952381	0,123321	-1744,0156019	-0,710429424283
56	-31,51835987	0,108669	0,1221	-1728,01011023	-0,717009693788
56,5	-30,996201243	0,0671551	0,124542	-1702,25874021	-0,727856447865
57	-30,474042616	0,00610501	0,137973	-1676,36599207	-0,739098744463
57,5	-30,27843355	0,032967	0,119658	-1666,63018621	-0,7434162721
58	-29,691071901	0,00610501	0,123321	-1637,27988579	-0,756742943437
58,5	-29,365056791	0,00854701	0,115995	-1620,91454603	-0,764383294008
59	-28,908101186	0,034188	0,0842491	-1597,88803269	-0,775398510193
59,5	-28,320739537	0,00610501	0,0622711	-1568,14113387	-0,790107454769
60	-28,059927449	0,00610501	0,030525	-1554,87929884	-0,796846418189
60,5	-27,537768822	0,00610501	0,019536	-1528,23190861	-0,810740826064
61	-27,276422283	0,00488401	0,023199	-1514,84677564	-0,817904503561
61,5	-26,754798107	0,00610501	0,013431	-1488,03730022	-0,83264041823
62	-26,493451568	0,00488401	0,01221	-1474,55857793	-0,840251461382
62,5	-25,971292941	0,00610501	0,018315	-1447,53709524	-0,855936614042
63	-25,384465743	0,020757	0,00976801	-1417,0256742	-0,874366655847
63,5	-25,188322226	0,00732601	0,00854701	-1406,7941085	-0,880725894794
64	-24,600960577	0,00732601	0,019536	-1376,05704124	-0,900398721029
64,5	-24,209742445	0,00610501	0,018315	-1355,50387181	-0,9140512438
65	-23,817989862	0,00610501	0,00976801	-1334,85929883	-0,928187713181
65,5	-23,361034257	0,00610501	0,010989	-1310,69987755	-0,945296494817
66	-23,035019147	0,00610501	0,020757	-1293,41228384	-0,957931214571
66,5	-22,51286052	0,00854701	0,017094	-1265,6367815	-0,978953850036
67	-22,252048432	0,00610501	0,00732601	-1251,72373612	-0,98983502849
67,5	-21,729889805	0,00610501	0,00976801	-1223,79148132	-1,01242737747
68	-21,142528156	0,00732601	0,017094	-1192,24991386	-1,03921164984
68,5	-20,94691909	0,00610501	0,00854701	-1181,71764943	-1,04847380471
69	-20,359557441	0,00732601	0,00976801	-1150,00979969	-1,07738212347
69,5	-20,098210902	0,00610501	0,015873	-1135,86234415	-1,09080119293
70	-19,576586726	0,018315	0,013431	-1107,55493188	-1,11868040522
70,5	-19,315240187	0,020757	0,00732601	-1093,33755692	-1,13322732962
71	-18,727878538	0,00610501	0,00976801	-1061,30224359	-1,16743369523
71,5	-18,271457384	0,00610501	0,019536	-1036,33137947	-1,1955635278
72	-17,944907823	0,020757	0,01221	-1018,42535895	-1,21658400305
72,5	-17,422749196	0,034188	0,00610501	-989,724810867	-1,25186313043
73	-17,161937108	0,00610501	0,00610501	-975,358292834	-1,27030242025
73,5	-16,639778481	0,00732601	0,00976801	-946,535381814	-1,3089843484
74	-16,117619854	0,00610501	0,013431	-917,633857952	-1,35021173125
74,5	-15,791604744	0,017094	0,013431	-899,550094738	-1,37735519928
75	-15,269446117	0,010989	0,00854701	-870,525994381	-1,42327742997
75,5	-15,073837051	0,00610501	0,00732601	-859,634351862	-1,44131047964
76	-14,486475402	0,00610501	0,010989	-826,869962752	-1,49842182666
76,5	-14,225128863	0,00854701	0,01221	-812,26331017	-1,52536743256
77	-13,703504687	0,00976801	0,010989	-783,059520836	-1,58225520159
77,5	-13,18134606	0,00610501	0,00732601	-753,760808057	-1,64375752461
78	-12,854796499	0,00610501	0,01221	-735,40589499	-1,68478388389
78,5	-12,398375345	0,00732601	0,014652	-709,711178548	-1,74578058998
79	-12,071825784	0,019536	0,01221	-691,299989656	-1,79227544993
79,5	-11,549667157	0,010989	0,00732601	-661,813754891	-1,87212790735
80	-11,028042981	0,00610501	0,00732601	-632,302818251	-1,95950415566
80,5	-10,766696442	0,010989	0,00732601	-617,497253683	-2,0064866566
81	-10,179334793	0,00732601	0,00732601	-584,176163977	-2,12093556089
81,5	-9,983725727	0,00610501	0,00976801	-573,065440598	-2,16205674296
82	-9,396364078	0,00610501	0,013431	-539,663293012	-2,29587599535
82,5	-8,874205451	0,00732601	0,014652	-509,9213898	-2,42978628625
83	-8,613393363	0,00610501	0,018315	-495,049644939	-2,50277929227
83,5	-8,091234736	0,018315	0,014652	-465,245163608	-2,66311204697
84	-7,765219626	0,039072	0,015873	-446,616677657	-2,77419107254
84,5	-7,243060999	0,026862	0,00854701	-416,750687512	-2,97300049437
85	-6,98171446	0,023199	0,00854701	-401,789255298	-3,08370615606
85,5	-6,460090284	0,015873	0,00732601	-371,90289854	-3,33151477137
86	-6,133540723	0,023199	0,00732601	-353,17745839	-3,50815141388
86,5	-5,676585118	0,00854701	0,00732601	-326,954978115	-3,78951257186
87	-5,089223469	0,00610501	0,00732601	-293,218810966	-4,2255133493
87,5	-4,828411381	0,00732601	0,010989	-278,22851203	-4,45317408688
88	-4,306252754	0,010989	0,010989	-248,200183219	-4,99193829727
88,5	-4,045440666	0,021978	0,013431	-233,193510905	-5,31318386688
89	-3,523282039	0,00976801	0,014652	-203,135206393	-6,09938583273
89,5	-3,001123412	0,021978	0,020757	-173,060030841	-7,15936541778
90	-2,740311324	0,00732601	0,020757	-158,032295953	-7,84016958388
90,5	-2,218152697	0,030525	0,025641	-127,936503752	-9,68449163188
91	-1,892137587	0,0744811	0,032967	-109,140339422	-11,3523561184
91,5	-1,36997896	0,178266	0,0659341	-79,0285554179	-15,6778773628
92	-1,043429399	2,84737	0,484737	-60,1936380213	-20,5835706352
92,5	-0,586473794	5	1,29792	-33,8339385607	-36,6200345779
93	0,000353403999995	5	1,67277	0,020388392704	60769,8712689
93,5	0,261699943	5	1,12332	15,0977992788	82,0649405333
94	0,718655548	1,2967	0,372405	41,4592006383	29,884801948
94,5	1,044670658	0,283272	0,0647131	60,2652361766	20,5591163099
95	1,632032307	0,129426	0,025641	94,1415948209	13,161026243
95,5	1,827641373	0,037851	0,017094	105,421419101	11,7528298382
96	2,415003022	0,028083	0,010989	139,283799545	8,89550690061
96,5	2,871958627	0,030525	0,00976801	165,618112323	7,4810658244
97	3,197973737	0,023199	0,00732601	184,399994314	6,71908914428
97,5	3,720132364	0,00488401	0,014652	214,469102858	5,77705591848
98	3,980944452	0,00854701	0,017094	229,481754096	5,39912205605
98,5	4,503103079	0,028083	0,013431	259,523218451	4,7741393136
99	4,764449618	0,01221	0,01221	274,55138702	4,51281639277
99,5	5,286073794	0,042735	0,00976801	304,528870493	4,06857976387
100	5,808232421	0,021978	0,00732601	334,511788581	3,70390533994
100,5	6,06957896	0,01221	0,00732601	349,508315025	3,54498003835
101	6,656940609	0,014652	0,00732601	383,185155023	3,23342379985
101,5	6,917752697	0,026862	0,00732601	398,126319933	3,11207759439
102	7,439911324	0,00610501	0,00610501	428,014165376	2,89476400603
102,5	7,700723412	0,00610501	0,00732601	442,929635049	2,79728404233
103	8,288085061	0,00610501	0,00854701	476,485925774	2,60028666741
103,5	8,483694127	0,00610501	0,00732601	487,650237169	2,54075545455
104	9,071055776	0,00610501	0,00854701	521,1389959	2,37748472048
104,5	9,332402315	0,00732601	0,00854701	536,022421134	2,31147047427
105	9,919763964	0,00488401	0,00854701	569,430915037	2,17585657414
105,5	10,376185118	0,00610501	0,00732601	595,350517572	2,08112693855
106	10,702734679	0,00610501	0,00976801	613,871781771	2,01833678757
106,5	11,159690284	0,00610501	0,013431	639,755817382	1,93667641049
107	11,68131446	0,00732601	0,013431	669,253140744	1,85131742321
107,5	12,007864021	0,00610501	0,014652	687,691113152	1,80168098192
108	12,530022648	0,00610501	0,018315	717,127097672	1,72772721045
108,5	12,790834736	0,00610501	0,018315	731,807873582	1,69306732645
109	13,378196385	0,00732601	0,018315	764,813710615	1,62000233887
109,5	13,573805451	0,00732601	0,014652	775,787975687	1,59708585184
110	14,1611671	0,00610501	0,017094	808,685902752	1,53211524497
110,5	14,552919683	0,010989	0,020757	830,580801324	1,49172723235
111	14,944137815	0,017094	0,017094	852,407080306	1,4535308641
111,5	15,466296442	0,00732601	0,019536	881,476507522	1,40559616669
112	15,727642981	0,00732601	0,014652	895,998757688	1,38281441729
112,5	16,249267157	0,00976801	0,010989	924,927826958	1,33956397882
113	16,575816718	0,00610501	0,00976801	942,999269693	1,31389285212
113,5	17,097975345	0,00610501	0,00732601	971,831939175	1,27491179293
114	17,619599521	0,00610501	0,00732601	1000,55450811	1,2383133452
114,5	17,88094606	0,00610501	0,00854701	1014,91418657	1,22079286741
115	18,403104687	0,00732601	0,00732601	1043,54064005	1,18730402291
115,5	18,663916775	0,00488401	0,00976801	1057,80690817	1,17129127294
116	19,186075402	0,00610501	0,015873	1086,30251372	1,14056626432
116,5	19,44688749	0,014652	0,015873	1100,50209416	1,12584974311
117	20,034249139	0,00610501	0,020757	1132,39629512	1,09413992728
117,5	20,556407766	0,00610501	0,017094	1160,65010334	1,06750518217
118	20,817219854	0,015873	0,018315	1174,72659518	1,05471350107
118,5	21,339378481	0,00732601	0,010989	1202,83498281	1,03006648269
119	21,665928042	0,00488401	0,010989	1220,36288839	1,01527177841
119,5	22,122349196	0,00610501	0,01221	1244,79524402	0,995344419861
120	22,448898757	0,00488401	0,010989	1262,22715128	0,981598279472
120,5	22,971057384	0,00610501	0,01221	1290,01565386	0,960453461395
121	23,297072494	0,00610501	0,017094	1307,31150752	0,947746572165
121,5	23,754028099	0,00732601	0,014652	1331,48269086	0,93054157482
122	24,341389748	0,00610501	0,013431	1362,42724212	0,909406360716
122,5	24,536998814	0,00732601	0,015873	1372,70108584	0,902599999943
123	25,124360463	0,00488401	0,019536	1403,45405766	0,882821915857
123,5	25,385172551	0,00488401	0,020757	1417,06251394	0,87434392471
124	25,907331178	0,00610501	0,018315	1444,21879118	0,857903253693
124,5	26,429489805	0,00610501	0,015873	1471,25512135	0,84213810509
125	26,690301893	0,00610501	0,018315	1484,71383026	0,834504249068
125,5	27,21246052	0,00732601	0,026862	1511,56609644	0,819679670586
126	27,539010081	0,00610501	0,043956	1528,29540532	0,810707141882
126,5	28,060634257	0,00488401	0,0805861	1554,91528245	0,796827977695
127	28,321980796	0,00732601	0,133089	1568,20417223	0,790075694186
127,5	28,844139423	0,00610501	0,180708	1594,6567842	0,776969697979
128	29,104951511	0,01221	0,20757	1607,82009157	0,770608606332
128,5	29,627110138	0,0830281	0,222222	1634,07328986	0,758227925082
129	30,214471787	0,102564	0,224664	1663,44247725	0,744840904897
129,5	30,475283875	0,153846	0,223443	1676,42770944	0,739071534683
130	30,997442502	0,169719	0,211233	1702,32012405	0,727830202144
130,5	31,25825459	0,217338	0,199023	1715,2002679	0,722364625978
131	31,780413217	0,253968	0,179487	1740,87987837	0,71170907045
131,5	32,041759756	0,35409	0,15873	1753,67866489	0,706514839239
132	32,563383932	0,383394	0,133089	1779,11453954	0,696413846587
132,5	32,824730471	0,413919	0,111111	1791,80322133	0,69148218133
133	33,41209212	0,440781	0,0830281	1820,18387708	0,680700458673
133,5	33,672904208	0,429792	0,0598291	1832,7248744	0,676042551345
134	34,195062835	0,46398	0,0512821	1857,71818578	0,666947231009
134,5	34,717221462	0,468864	0,037851	1882,55720762	0,658147330123
135	34,97803355	0,457875	0,034188	1894,90558285	0,653858435593
135,5	35,500192177	0,444444	0,029304	1919,50938745	0,645477437151
136	35,761004265	0,431013	0,02442	1931,73912391	0,641390954227
136,5	36,283162892	0,47619	0,019536	1956,10311673	0,63340219102
137	36,609712453	0,437118	0,019536	1971,25752195	0,628532795034
137,5	37,131336629	0,485958	0,017094	1995,33184944	0,620949342509
138	37,653495256	0,457875	0,00854701	2019,26520859	0,613589534812
138,5	37,914841795	0,438339	0,00732601	2031,18128449	0,609989866224
139	38,436465971	0,388278	0,00732601	2054,83810438	0,602967210583
139,5	38,69781251	0,400488	0,00732601	2066,62683344	0,599527684415
140	39,285174159	0,39072	0,01221	2092,9640585	0,591983409829
140,5	39,545986247	0,338217	0,013431	2104,58848725	0,588713664217
141	40,068144874	0,310134	0,010989	2127,72987381	0,582310760051
141,5	40,590303501	0,34188	0,00976801	2150,69454547	0,576092966158
142	40,851115589	0,310134	0,015873	2162,09835532	0,573054411217
142,5	41,373274216	0,218559	0,00854701	2184,79447549	0,567101397361
143	41,699289326	0,238095	0,00732601	2198,87313645	0,56347043377
143,5	42,221447953	0,238095	0,00732601	2221,2735603	0,557788118556
144	42,678403558	0,261294	0,00732601	2240,72549333	0,552945911353
144,5	43,004418668	0,251526	0,013431	2254,51643723	0,549563524817
145	43,526577295	0,222222	0,010989	2276,45229265	0,544267940076
145,5	43,787923834	0,245421	0,010989	2287,36056296	0,541672362489
146	44,374751032	0,224664	0,014652	2311,6802362	0,535973782446
146,5	44,570894549	0,177045	0,014652	2319,75499704	0,534108128479
147	45,158256198	0,188034	0,013431	2343,77230322	0,528634969487
147,5	45,419068286	0,167277	0,00732601	2354,35813017	0,526258084581
148	45,941226913	0,157509	0,00732601	2375,40465361	0,521595340868
148,5	46,202039001	0,157509	0,00732601	2385,84337195	0,519313218364
149	46,78940065	0,139194	0,00732601	2409,17051771	0,514284892204
149,5	47,246356255	0,174603	0,01221	2427,14359113	0,510476596658
150	47,572371365	0,133089	0,010989	2439,8721891	0,507813485287
150,5	48,02932697	0,126984	0,010989	2457,58004375	0,504154484469
151	48,355876531	0,117216	0,019536	2470,13872588	0,501591261665
151,5	48,877500707	0,0989011	0,010989	2490,03311145	0,497583744692
152	49,138847246	0,0879121	0,00854701	2499,92318538	0,495615228198
152,5	49,661005873	0,0891331	0,00732601	2519,52713023	0,491758943627
153	50,182630049	0,04884	0,00732601	2538,90207642	0,488006217927
153,5	50,443976588	0,0879121	0,00732601	2548,53037268	0,486162540294
154	51,031338237	0,0683761	0,00854701	2569,9756263	0,482105739572
154,5	51,292150325	0,0500611	0,014652	2579,41172142	0,480342083316
155	51,814308952	0,0695971	0,020757	2598,14243536	0,476879166876
155,5	52,07512104	0,041514	0,00976801	2607,41749433	0,475182820815
156	52,597279667	0,043956	0,01221	2625,82406545	0,471851871686
156,5	53,119438294	0,028083	0,00732601	2644,01255334	0,468605944566
157	53,380250382	0,0573871	0,00610501	2653,01534728	0,467015768029
157,5	53,902409009	0,0659341	0,00732601	2670,87399676	0,463893093236
158	54,163221097	0,025641	0,00854701	2679,71120312	0,462363257114
158,5	54,685379724	0,026862	0,00854701	2697,23667927	0,459359020854
159	55,011929285	0,035409	0,010989	2708,08306623	0,45751920074
159,5	55,534087912	0,020757	0,019536	2725,24370168	0,454638239961
160	56,0559258684	0,00610501	0,010989	2742,16766676	0,451832327767
160,5	56,3169517368	0,00732601	0,010989	2750,54785646	0,450455714519
161	56,8390034736	0,00488401	0,00610501	2767,1368009	0,447755239133
161,5	57,100029342	0,00610501	0,00854701	2775,34521134	0,44643095026
162	57,6873375459	0,00610501	0,00854701	2793,60326966	0,443513226611
162,5	57,9483634143	0,014652	0,015873	2801,62385668	0,442243521395
163	58,4704151511	0,00610501	0,014652	2817,490423	0,439753047565
163,5	58,9924668879	0,00610501	0,010989	2833,12308338	0,437326569844
164	59,2534927563	0,00610501	0,00732601	2840,8512925	0,436136873221
164,5	59,7755444931	0,015873	0,00732601	2856,13066666	0,433803682186
165	60,1018268286	0,00732601	0,00854701	2865,55994583	0,43237622783
165,5	60,6238785654	0,00610501	0,00732601	2880,45337459	0,430140619851
166	61,1459303022	0,018315	0,015873	2895,10767027	0,427963357883
166,5	61,4069561706	0,00610501	0,013431	2902,34476224	0,426896217197
167	61,9942643745	0,00610501	0,013431	2918,40774741	0,424546570335
167,5	62,1900337758	0,00488401	0,00732601	2923,69401596	0,423778956771
168	62,7120855126	0,00854701	0,00732601	2937,62369275	0,421769474101
168,5	62,973111381	0,00610501	0,00610501	2944,49714789	0,420784921081
169	63,5604195849	0,00732601	0,010989	2959,73876298	0,418618026529
169,5	63,8214454533	0,00732601	0,013431	2966,41308648	0,41767615092
170	64,3434971901	0,00610501	0,010989	2979,57689323	0,415830852633
170,5	64,8655489269	0,014652	0,00854701	2992,49333774	0,414036009496
171	65,1265747953	0,00610501	0,00610501	2998,85846324	0,413157211381
171,5	65,7138829992	0,00854701	0,00976801	3012,95222755	0,411224575242
172	65,9096524005	0,00610501	0,00976801	3017,57987137	0,410593937133
172,5	66,4969606044	0,00488401	0,015873	3031,25121361	0,408742104394
173	67,0190123412	0,00610501	0,01221	3043,13618176	0,407145762134
173,5	67,2800382096	0,00488401	0,00732601	3048,9839871	0,406364876052
174	67,8020899464	0,00610501	0,00732601	3060,48963345	0,40483718241
174,5	68,0631158148	0,032967	0,01221	3066,14723567	0,404090183794
175	68,5851675516	0,014652	0,013431	3077,27141107	0,402629418888
175,5	69,1072192884	0,00488401	0,00854701	3088,1401137	0,401212365496
176	69,3682451568	0,00610501	0,00732601	3093,47837992	0,400520012696
176,5	69,8902968936	0,00732601	0,00854701	3103,9621882	0,399167233644
177	70,2165792291	0,00976801	0,00854701	3110,38376523	0,398343128539
177,5	70,7386309659	0,00732601	0,010989	3120,44839703	0,397058320586
178	71,2606827027	0,00976801	0,00732601	3130,25397153	0,395814528555
178,5	71,5217085711	0,00610501	0,00732601	3135,05935707	0,395207828269
179	72,0437603079	0,031746	0,01221	3144,47482602	0,394024461493
179,5	72,3047861763	0,00610501	0,00976801	3149,08471402	0,393447656229
180	72,8268379131	0,00610501	0,01221	3158,1083187	0,392323465495
180,5	73,3488896499	0,00610501	0,00732601	3166,86973958	0,391238068467
181	73,6751719854	0,018315	0,01221	3172,21216332	0,390579171951
181,5	74,1972237222	0,00854701	0,018315	3180,54599389	0,389555756269
182	74,4582495906	0,00610501	0,00976801	3184,61393411	0,38905814822
Vernier Format 2
genormal.cmbl 08.09.2013 16:32:53 ,
Latest 2
Time	Winkel	Pyro	Sample	Wellenlänge	Energie
t	Pot	Pot	Pot	Lambda	E
s	°	V	V	nm	eV

 	 	 	 	 	 
Vernier Format 2
genormal.cmbl 08.09.2013 16:32:53 ,
Latest 3
Time	Winkel	Pyro	Sample	Wellenlänge	Energie
t	Pot	Pot	Pot	Lambda	E
s	°	V	V	nm	eV

 	 	 	 	 	 
