0	0
1	0
2	1
3	7
4	6
5	2
6	7
7	8
8	4
9	8
10	3
11	11
12	4973
13	23488
14	23543
15	22428
16	22146
17	21793
18	21246
19	21143
20	20662
21	20376
22	19895
23	19804
24	19763
25	19641
26	19304
27	18833
28	18687
29	18327
30	18038
31	17649
32	17155
33	16891
34	16256
35	15764
36	15322
37	14666
38	14063
39	13295
40	12897
41	11991
42	11383
43	10954
44	10144
45	9340
46	8775
47	8091
48	7575
49	6770
50	6426
51	5810
52	5387
53	4911
54	4435
55	4004
56	3579
57	3185
58	2923
59	2459
60	2292
61	2063
62	1771
63	1589
64	1455
65	1286
66	1024
67	964
68	875
69	706
70	627
71	501
72	453
73	386
74	356
75	320
76	315
77	251
78	202
79	173
80	168
81	150
82	125
83	116
84	119
85	100
86	87
87	66
88	66
89	69
90	65
91	78
92	52
93	60
94	51
95	50
96	46
97	37
98	34
99	49
100	52
101	40
102	32
103	35
104	33
105	43
106	36
107	28
108	32
109	34
110	29
111	35
112	31
113	40
114	30
115	24
116	32
117	25
118	28
119	35
120	30
121	22
122	25
123	26
124	16
125	22
126	17
127	23
128	25
129	19
130	22
131	19
132	18
133	24
134	17
135	15
136	25
137	22
138	15
139	18
140	19
141	16
142	22
143	19
144	22
145	11
146	12
147	22
148	12
149	12
150	17
151	13
152	17
153	17
154	17
155	15
156	22
157	13
158	10
159	13
160	13
161	12
162	11
163	10
164	11
165	7
166	16
167	10
168	13
169	17
170	17
171	12
172	16
173	21
174	19
175	9
176	14
177	8
178	10
179	9
180	12
181	13
182	10
183	12
184	9
185	12
186	17
187	6
188	9
189	12
190	14
191	17
192	8
193	8
194	7
195	16
196	13
197	13
198	6
199	14
200	13
201	9
202	14
203	10
204	8
205	10
206	7
207	14
208	9
209	11
210	5
211	10
212	11
213	11
214	8
215	7
216	6
217	7
218	8
219	7
220	8
221	6
222	11
223	5
224	7
225	9
226	14
227	11
228	3
229	8
230	11
231	8
232	10
233	7
234	9
235	9
236	5
237	9
238	10
239	6
240	7
241	11
242	4
243	6
244	5
245	7
246	6
247	7
248	6
249	6
250	1
251	4
252	6
253	5
254	9
255	6
256	4
257	7
258	5
259	3
260	10
261	7
262	4
263	7
264	2
265	9
266	5
267	5
268	3
269	4
270	4
271	5
272	5
273	8
274	1
275	6
276	4
277	3
278	5
279	7
280	4
281	3
282	7
283	1
284	8
285	4
286	6
287	3
288	6
289	2
290	5
291	3
292	3
293	3
294	4
295	4
296	11
297	8
298	2
299	10
300	4
301	2
302	7
303	2
304	6
305	5
306	4
307	3
308	1
309	3
310	5
311	5
312	2
313	2
314	5
315	10
316	5
317	4
318	6
319	6
320	4
321	4
322	0
323	1
324	2
325	4
326	5
327	6
328	6
329	2
330	1
331	5
332	5
333	5
334	3
335	1
336	2
337	1
338	2
339	2
340	2
341	3
342	4
343	2
344	4
345	4
346	3
347	3
348	5
349	4
350	1
351	3
352	3
353	2
354	1
355	0
356	0
357	3
358	3
359	8
360	4
361	3
362	0
363	3
364	3
365	5
366	3
367	2
368	4
369	5
370	7
371	8
372	0
373	1
374	2
375	5
376	2
377	5
378	3
379	2
380	4
381	1
382	2
383	2
384	3
385	2
386	1
387	4
388	0
389	3
390	5
391	6
392	2
393	2
394	4
395	5
396	3
397	0
398	2
399	2
400	5
401	0
402	4
403	3
404	1
405	3
406	3
407	2
408	2
409	0
410	2
411	0
412	0
413	2
414	2
415	1
416	3
417	5
418	0
419	1
420	3
421	2
422	3
423	2
424	3
425	3
426	3
427	3
428	2
429	2
430	3
431	2
432	4
433	3
434	4
435	2
436	0
437	6
438	3
439	2
440	3
441	0
442	3
443	1
444	2
445	2
446	2
447	0
448	6
449	1
450	3
451	2
452	3
453	3
454	1
455	1
456	2
457	3
458	2
459	1
460	4
461	2
462	1
463	3
464	0
465	1
466	2
467	2
468	1
469	4
470	0
471	2
472	3
473	1
474	3
475	3
476	1
477	1
478	4
479	3
480	3
481	4
482	4
483	1
484	1
485	3
486	1
487	5
488	1
489	3
490	2
491	1
492	1
493	1
494	2
495	5
496	1
497	2
498	0
499	2
500	1
501	3
502	0
503	2
504	6
505	2
506	3
507	1
508	1
509	0
510	0
511	3
512	1
513	0
514	1
515	1
516	2
517	2
518	0
519	2
520	0
521	3
522	0
523	5
524	0
525	2
526	1
527	2
528	4
529	1
530	1
531	1
532	2
533	1
534	2
535	2
536	0
537	1
538	0
539	3
540	0
541	3
542	2
543	0
544	2
545	2
546	2
547	2
548	2
549	0
550	1
551	2
552	0
553	0
554	3
555	1
556	1
557	1
558	1
559	1
560	1
561	1
562	1
563	1
564	4
565	0
566	2
567	3
568	2
569	0
570	1
571	2
572	5
573	3
574	2
575	3
576	3
577	1
578	4
579	1
580	0
581	4
582	2
583	1
584	0
585	5
586	3
587	4
588	0
589	2
590	2
591	1
592	1
593	0
594	2
595	0
596	0
597	0
598	0
599	2
600	2
601	0
602	4
603	2
604	3
605	0
606	0
607	3
608	0
609	1
610	2
611	4
612	3
613	2
614	2
615	2
616	1
617	1
618	2
619	0
620	2
621	2
622	2
623	1
624	1
625	2
626	3
627	0
628	0
629	0
630	1
631	2
632	1
633	1
634	2
635	0
636	1
637	1
638	1
639	1
640	2
641	0
642	0
643	0
644	1
645	0
646	0
647	1
648	0
649	2
650	0
651	2
652	0
653	3
654	1
655	3
656	2
657	0
658	0
659	1
660	2
661	0
662	1
663	1
664	2
665	2
666	0
667	0
668	0
669	0
670	1
671	4
672	0
673	2
674	2
675	2
676	0
677	0
678	0
679	3
680	2
681	0
682	0
683	1
684	1
685	1
686	1
687	1
688	2
689	2
690	0
691	1
692	1
693	1
694	1
695	2
696	2
697	0
698	4
699	2
700	1
701	0
702	1
703	1
704	0
705	3
706	1
707	0
708	0
709	1
710	2
711	0
712	1
713	0
714	3
715	0
716	0
717	2
718	0
719	1
720	0
721	0
722	0
723	2
724	1
725	0
726	0
727	0
728	0
729	1
730	0
731	1
732	1
733	0
734	1
735	1
736	1
737	0
738	1
739	0
740	1
741	2
742	1
743	0
744	0
745	1
746	0
747	0
748	1
749	1
750	0
751	2
752	0
753	0
754	0
755	1
756	0
757	1
758	0
759	0
760	1
761	1
762	2
763	0
764	0
765	0
766	1
767	0
768	0
769	0
770	0
771	0
772	1
773	2
774	0
775	0
776	0
777	0
778	0
779	0
780	0
781	0
782	0
783	0
784	0
785	1
786	0
787	0
788	1
789	0
790	1
791	1
792	0
793	1
794	0
795	0
796	0
797	0
798	0
799	0
800	0
801	0
802	0
803	0
804	0
805	0
806	0
807	0
808	0
809	0
810	1
811	0
812	0
813	0
814	0
815	0
816	0
817	0
818	0
819	0
820	0
821	0
822	1
823	0
824	0
825	1
826	0
827	0
828	0
829	0
830	0
831	0
832	2
833	0
834	0
835	0
836	0
837	1
838	0
839	0
840	0
841	0
842	0
843	0
844	0
845	0
846	0
847	0
848	0
849	0
850	0
851	0
852	0
853	0
854	0
855	0
856	0
857	0
858	0
859	0
860	0
861	0
862	0
863	0
864	0
865	0
866	0
867	0
868	0
869	0
870	0
871	0
872	0
873	0
874	0
875	1
876	0
877	0
878	0
879	0
880	0
881	0
882	0
883	0
884	0
885	0
886	0
887	0
888	0
889	0
890	0
891	0
892	0
893	0
894	0
895	0
896	0
897	0
898	0
899	0
900	0
901	0
902	0
903	0
904	0
905	0
906	0
907	0
908	0
909	0
910	0
911	0
912	0
913	0
914	0
915	0
916	0
917	0
918	0
919	0
920	0
921	0
922	0
923	0
924	0
925	0
926	0
927	0
928	0
929	0
930	0
931	0
932	0
933	0
934	0
935	0
936	0
937	0
938	0
939	0
940	0
941	0
942	0
943	0
944	0
945	0
946	0
947	0
948	0
949	0
950	0
951	0
952	0
953	0
954	0
955	0
956	0
957	0
958	0
959	0
960	0
961	0
962	0
963	0
964	0
965	0
966	0
967	0
968	0
969	0
970	0
971	0
972	0
973	0
974	0
975	0
976	0
977	0
978	0
979	0
980	0
981	0
982	0
983	0
984	0
985	0
986	0
987	0
988	0
989	0
990	0
991	0
992	0
993	0
994	0
995	0
996	0
997	0
998	0
999	0
1000	0
1001	0
1002	0
1003	0
1004	0
1005	0
1006	0
1007	0
1008	0
1009	0
1010	0
1011	0
1012	0
1013	0
1014	0
1015	0
1016	0
1017	0
1018	0
1019	0
1020	0
1021	0
1022	0
1023	0
