0	0
1	0
2	4
3	9
4	17
5	7
6	9
7	20
8	32
9	26
10	52
11	100
12	7684
13	35350
14	29684
15	25243
16	21600
17	18623
18	16718
19	15114
20	14454
21	13360
22	12737
23	12010
24	11390
25	11217
26	10498
27	10270
28	9978
29	9340
30	9420
31	8964
32	8629
33	8513
34	8372
35	8075
36	7710
37	7579
38	7334
39	7237
40	7163
41	6827
42	6924
43	6646
44	6656
45	6484
46	6250
47	6135
48	6032
49	5975
50	5820
51	5657
52	5539
53	5425
54	5292
55	5161
56	5049
57	5047
58	4920
59	4846
60	4728
61	4656
62	4506
63	4354
64	4400
65	4295
66	4188
67	4096
68	4000
69	3975
70	3815
71	3719
72	3610
73	3541
74	3485
75	3389
76	3302
77	3201
78	3125
79	3109
80	3070
81	2917
82	2836
83	2807
84	2743
85	2644
86	2612
87	2466
88	2554
89	2493
90	2290
91	2315
92	2280
93	2134
94	2104
95	1995
96	1942
97	1999
98	1901
99	1884
100	1783
101	1750
102	1752
103	1737
104	1688
105	1650
106	1592
107	1598
108	1585
109	1422
110	1430
111	1409
112	1463
113	1317
114	1383
115	1309
116	1322
117	1260
118	1213
119	1168
120	1155
121	1121
122	1147
123	1134
124	1071
125	1084
126	1064
127	1080
128	1062
129	1013
130	970
131	974
132	995
133	955
134	958
135	928
136	865
137	901
138	919
139	921
140	799
141	869
142	820
143	883
144	819
145	833
146	757
147	838
148	782
149	840
150	786
151	791
152	754
153	788
154	731
155	718
156	687
157	692
158	681
159	702
160	693
161	686
162	718
163	700
164	710
165	652
166	663
167	673
168	644
169	694
170	640
171	625
172	657
173	633
174	679
175	654
176	637
177	620
178	591
179	596
180	610
181	637
182	627
183	589
184	614
185	584
186	562
187	572
188	590
189	561
190	552
191	547
192	575
193	570
194	571
195	555
196	538
197	542
198	492
199	555
200	491
201	507
202	515
203	531
204	479
205	524
206	488
207	469
208	475
209	471
210	500
211	465
212	444
213	457
214	445
215	450
216	444
217	430
218	462
219	399
220	427
221	425
222	417
223	408
224	409
225	402
226	398
227	384
228	373
229	406
230	400
231	406
232	370
233	373
234	365
235	351
236	335
237	336
238	359
239	321
240	337
241	327
242	285
243	331
244	317
245	322
246	304
247	306
248	302
249	289
250	286
251	310
252	316
253	278
254	279
255	254
256	264
257	269
258	260
259	249
260	244
261	277
262	242
263	229
264	262
265	223
266	221
267	224
268	229
269	224
270	209
271	225
272	212
273	216
274	174
275	198
276	204
277	214
278	211
279	214
280	192
281	215
282	183
283	189
284	217
285	190
286	181
287	167
288	175
289	168
290	165
291	152
292	164
293	152
294	175
295	159
296	143
297	143
298	159
299	176
300	151
301	162
302	142
303	147
304	147
305	158
306	136
307	137
308	130
309	125
310	126
311	119
312	146
313	120
314	155
315	137
316	98
317	115
318	120
319	113
320	113
321	100
322	125
323	116
324	108
325	102
326	96
327	84
328	103
329	96
330	95
331	77
332	92
333	100
334	93
335	105
336	97
337	92
338	89
339	95
340	81
341	74
342	89
343	83
344	83
345	72
346	59
347	84
348	64
349	67
350	78
351	74
352	65
353	70
354	60
355	48
356	64
357	60
358	61
359	71
360	61
361	51
362	61
363	55
364	61
365	55
366	58
367	53
368	54
369	53
370	56
371	59
372	34
373	56
374	53
375	61
376	48
377	46
378	48
379	63
380	49
381	61
382	62
383	53
384	67
385	42
386	55
387	55
388	50
389	55
390	49
391	55
392	53
393	56
394	39
395	43
396	50
397	51
398	56
399	57
400	36
401	59
402	50
403	39
404	52
405	42
406	51
407	39
408	46
409	59
410	43
411	50
412	48
413	34
414	42
415	53
416	42
417	49
418	45
419	50
420	37
421	60
422	51
423	41
424	45
425	51
426	61
427	39
428	41
429	54
430	51
431	46
432	44
433	37
434	61
435	55
436	41
437	55
438	56
439	46
440	50
441	50
442	64
443	48
444	51
445	57
446	55
447	51
448	68
449	65
450	57
451	63
452	56
453	59
454	65
455	65
456	79
457	65
458	75
459	82
460	74
461	75
462	72
463	90
464	59
465	93
466	85
467	97
468	83
469	79
470	88
471	82
472	85
473	86
474	84
475	72
476	83
477	70
478	77
479	63
480	83
481	66
482	73
483	52
484	50
485	37
486	42
487	40
488	34
489	31
490	23
491	29
492	23
493	18
494	26
495	19
496	16
497	12
498	17
499	21
500	9
501	12
502	6
503	14
504	3
505	9
506	7
507	4
508	3
509	1
510	3
511	4
512	1
513	3
514	1
515	0
516	1
517	0
518	1
519	0
520	1
521	1
522	0
523	0
524	1
525	0
526	0
527	1
528	0
529	2
530	0
531	0
532	0
533	0
534	1
535	0
536	0
537	1
538	0
539	0
540	0
541	0
542	0
543	0
544	0
545	0
546	0
547	0
548	0
549	0
550	0
551	0
552	0
553	0
554	0
555	0
556	0
557	0
558	0
559	0
560	0
561	0
562	0
563	0
564	0
565	0
566	0
567	0
568	0
569	0
570	0
571	0
572	0
573	0
574	0
575	0
576	0
577	0
578	0
579	1
580	0
581	0
582	0
583	0
584	0
585	0
586	0
587	0
588	0
589	0
590	0
591	0
592	0
593	0
594	0
595	0
596	0
597	0
598	0
599	0
600	0
601	0
602	0
603	0
604	0
605	0
606	0
607	0
608	0
609	0
610	0
611	0
612	0
613	0
614	0
615	0
616	0
617	0
618	1
619	0
620	0
621	0
622	0
623	0
624	0
625	0
626	0
627	0
628	0
629	0
630	0
631	0
632	0
633	0
634	0
635	0
636	0
637	0
638	0
639	0
640	0
641	0
642	0
643	0
644	0
645	0
646	0
647	0
648	0
649	0
650	0
651	0
652	0
653	0
654	0
655	0
656	0
657	0
658	0
659	0
660	0
661	0
662	0
663	0
664	0
665	0
666	0
667	0
668	0
669	0
670	0
671	0
672	0
673	0
674	0
675	0
676	0
677	0
678	0
679	0
680	0
681	0
682	0
683	0
684	0
685	0
686	0
687	0
688	0
689	0
690	0
691	0
692	0
693	0
694	0
695	0
696	0
697	0
698	0
699	0
700	0
701	0
702	0
703	0
704	0
705	0
706	0
707	0
708	0
709	0
710	0
711	0
712	0
713	0
714	0
715	0
716	0
717	0
718	0
719	0
720	1
721	0
722	0
723	0
724	0
725	0
726	0
727	0
728	0
729	0
730	0
731	0
732	0
733	0
734	0
735	0
736	0
737	0
738	0
739	0
740	0
741	0
742	0
743	0
744	0
745	0
746	0
747	0
748	0
749	0
750	0
751	0
752	0
753	0
754	0
755	0
756	0
757	0
758	0
759	0
760	0
761	0
762	0
763	0
764	0
765	0
766	0
767	0
768	0
769	0
770	0
771	0
772	0
773	0
774	0
775	0
776	0
777	0
778	0
779	0
780	0
781	0
782	0
783	0
784	0
785	0
786	0
787	0
788	0
789	0
790	0
791	0
792	0
793	0
794	0
795	0
796	0
797	0
798	0
799	0
800	0
801	0
802	0
803	0
804	0
805	0
806	0
807	0
808	0
809	0
810	0
811	0
812	0
813	0
814	0
815	0
816	0
817	0
818	0
819	0
820	0
821	0
822	0
823	0
824	0
825	0
826	0
827	0
828	0
829	0
830	0
831	0
832	0
833	0
834	0
835	0
836	0
837	0
838	0
839	0
840	0
841	0
842	0
843	0
844	0
845	0
846	0
847	0
848	0
849	0
850	0
851	0
852	0
853	0
854	0
855	0
856	0
857	0
858	0
859	0
860	0
861	0
862	0
863	0
864	0
865	0
866	0
867	0
868	0
869	0
870	0
871	0
872	0
873	0
874	0
875	0
876	0
877	0
878	0
879	0
880	0
881	0
882	0
883	0
884	0
885	0
886	0
887	0
888	0
889	0
890	0
891	0
892	0
893	0
894	0
895	0
896	0
897	0
898	0
899	0
900	0
901	0
902	0
903	0
904	0
905	0
906	0
907	0
908	0
909	0
910	0
911	0
912	0
913	0
914	0
915	0
916	0
917	0
918	0
919	0
920	0
921	0
922	0
923	0
924	0
925	0
926	0
927	0
928	0
929	0
930	0
931	0
932	0
933	0
934	0
935	0
936	0
937	0
938	0
939	0
940	0
941	0
942	0
943	0
944	0
945	0
946	0
947	0
948	0
949	0
950	0
951	0
952	0
953	0
954	0
955	0
956	0
957	0
958	0
959	0
960	0
961	0
962	0
963	0
964	0
965	0
966	0
967	0
968	0
969	0
970	0
971	0
972	0
973	0
974	0
975	0
976	0
977	0
978	0
979	0
980	0
981	0
982	0
983	0
984	0
985	0
986	0
987	0
988	0
989	0
990	0
991	0
992	0
993	0
994	0
995	0
996	0
997	0
998	0
999	0
1000	0
1001	0
1002	0
1003	0
1004	0
1005	0
1006	0
1007	0
1008	0
1009	0
1010	0
1011	0
1012	0
1013	0
1014	0
1015	0
1016	0
1017	0
1018	0
1019	0
1020	0
1021	0
1022	0
1023	0
