Vernier Format 2
lampe_vor_neueinstellung.cmbl 21.10.2014 10:38:20 ,
Latest
Time	Winkel	Pyro	Sample	Wellenlänge	Energie
t	Pot	Pot	Pot	Lambda	E
s	°	V	V	nm	eV

0	-84,441301243	0,261294	0,023199	-1643,97977059	-0,753658908806
0,5	-84,245692177	0,2442	0,018315	-1643,42395669	-0,753913799879
1	-83,658330528	0,230769	0,014652	-1641,63991031	-0,754733113041
1,5	-83,39751844	0,216117	0,02442	-1640,79239951	-0,755122951796
2	-82,810156791	0,205128	0,010989	-1638,75929187	-0,756059786297
2,5	-82,614013274	0,191697	0,026862	-1638,04198728	-0,756390867647
3	-82,092389098	0,177045	0,01221	-1636,04100092	-0,75731598371
3,5	-81,831042559	0,169719	0,017094	-1634,98745753	-0,757803978428
4	-81,505027449	0,15873	0,013431	-1633,62553902	-0,758435743324
4,5	-81,048071844	0,147741	0,017094	-1631,62760907	-0,759364448797
5	-80,721522283	0,136752	0,029304	-1630,13625889	-0,760059162689
5,5	-80,199898107	0,126984	0,00854701	-1627,64417714	-0,761222887289
6	-79,938551568	0,117216	0,026862	-1626,34484204	-0,761831050815
6,5	-79,742942502	0,106227	0,00976801	-1625,35019093	-0,762297261791
7	-79,090377831	0,101343	0,026862	-1621,89501793	-0,763921207171
7,5	-78,894768765	0,0940171	0,00976801	-1620,81830966	-0,7644286794
8	-78,307407116	0,0879121	0,025641	-1617,47176471	-0,766010280387
8,5	-78,111263599	0,0818071	0,019536	-1616,31634238	-0,766557862166
9	-77,524436401	0,0781441	0,019536	-1612,74646365	-0,76825466862
9,5	-77,328292884	0,0732601	0,020757	-1611,51551075	-0,768841498413
10	-77,002277774	0,0708181	0,01221	-1609,42773694	-0,76983885114
10,5	-76,480119147	0,0695971	0,021978	-1605,97534202	-0,771493787967
11	-76,219307059	0,0659341	0,013431	-1604,20094324	-0,772347133455
11,5	-75,762351454	0,0622711	0,02442	-1601,01199352	-0,773885520542
12	-75,370598871	0,0634921	0,015873	-1598,19699231	-0,775248612007
12,5	-75,174989805	0,0647131	0,010989	-1596,7634364	-0,775944621322
13	-74,587628156	0,0671551	0,032967	-1592,34707514	-0,778096697226
13,5	-74,326816068	0,0634921	0,01221	-1590,33235552	-0,779082432485
14	-73,804657441	0,0683761	0,025641	-1586,19980194	-0,781112189327
14,5	-73,543310902	0,0683761	0,01221	-1584,08191875	-0,782156519389
15	-72,956483704	0,0720391	0,020757	-1579,20640702	-0,784571284977
15,5	-72,695137165	0,0781441	0,00976801	-1576,98172502	-0,785678096544
16	-72,172978538	0,0805861	0,018315	-1572,43869315	-0,787948048721
16,5	-71,977369472	0,0903541	0,020757	-1570,70315387	-0,788818687315
17	-71,390007823	0,0952381	0,00732601	-1565,38185689	-0,791500166266
17,5	-71,129195735	0,102564	0,029304	-1562,96621248	-0,792723470353
18	-70,867849196	0,111111	0,00854701	-1560,51313226	-0,793969608063
18,5	-70,34622502	0,123321	0,021978	-1555,51998406	-0,796518214292
19	-70,084878481	0,131868	0,017094	-1552,96978806	-0,797826209835
19,5	-69,562719854	0,140415	0,020757	-1547,77789682	-0,800502450993
20	-69,236704744	0,153846	0,023199	-1544,47107251	-0,80221638466
20,5	-69,041095678	0,167277	0,00732601	-1542,46296886	-0,803260775148
21	-68,453734029	0,180708	0,029304	-1536,32522483	-0,806469867169
21,5	-68,257590512	0,191697	0,010989	-1534,23959452	-0,807566174424
22	-67,670228863	0,208791	0,013431	-1527,88662892	-0,810924041447
22,5	-67,474619797	0,224664	0,014652	-1525,73522646	-0,812067505892
23	-67,083401665	0,233211	0,014652	-1521,37909701	-0,814392679925
23,5	-66,62644606	0,252747	0,023199	-1516,2012007	-0,817173868103
24	-66,299896499	0,266178	0,00854701	-1512,44186956	-0,819205038512
24,5	-65,843475345	0,286935	0,031746	-1507,10512569	-0,822105889549
25	-65,516925784	0,302808	0,020757	-1503,22820719	-0,824226151475
25,5	-65,059970179	0,322344	0,015873	-1497,72111604	-0,82725681486
26	-64,799158091	0,343101	0,015873	-1494,53516103	-0,829020308324
26,5	-64,538346003	0,358974	0,018315	-1491,31823786	-0,830808588367
27	-63,950984354	0,373626	0,019536	-1483,96051371	-0,834927876148
27,5	-63,754840837	0,393162	0,010989	-1481,46870266	-0,836332213956
28	-63,168013639	0,410256	0,019536	-1473,91008067	-0,840621158816
28,5	-62,971870122	0,424908	0,023199	-1471,34914074	-0,842084292363
29	-62,645855012	0,440781	0,01221	-1467,0544036	-0,844549457036
29,5	-62,123696385	0,455433	0,025641	-1460,07688289	-0,848585450891
30	-61,862884297	0,468864	0,015873	-1456,54624481	-0,850642404531
30,5	-61,275522648	0,483516	0,018315	-1448,48466762	-0,855376675842
31	-61,014176109	0,4884	0,017094	-1444,84868433	-0,857529244022
31,5	-60,818567043	0,496947	0,021978	-1442,10759912	-0,85915919225
32	-60,231205394	0,501832	0,01221	-1433,77597133	-0,864151739727
32,5	-60,035596328	0,506716	0,019536	-1430,9678	-0,865847575325
33	-59,448234679	0,501832	0,02442	-1422,43551397	-0,871041244281
33,5	-59,18688814	0,505495	0,00732601	-1418,59096589	-0,873401868329
34	-58,600060942	0,507937	0,030525	-1409,85100277	-0,878816270345
34,5	-58,403917425	0,514042	0,014652	-1406,89669884	-0,880661672619
35	-58,143105337	0,521368	0,019536	-1402,94282793	-0,883143614505
35,5	-57,555743688	0,532357	0,01221	-1393,93219024	-0,888852419561
36	-57,2949316	0,547009	0,028083	-1389,88408445	-0,891441245975
36,5	-56,837975995	0,56044	0,017094	-1382,72222291	-0,896058499291
37	-56,511426434	0,578755	0,00732601	-1377,55030491	-0,899422689378
37,5	-56,315817368	0,592186	0,030525	-1374,43079209	-0,901464087626
38	-55,728455719	0,600733	0,017094	-1364,96760555	-0,907713849736
38,5	-55,467643631	0,627595	0,019536	-1360,71952302	-0,910547676458
39	-54,880281982	0,664225	0,019536	-1351,0495194	-0,917064831607
39,5	-54,684672916	0,698413	0,019536	-1347,79755157	-0,919277526926
40	-54,423326377	0,730159	0,015873	-1343,42820051	-0,922267375013
40,5	-53,90116775	0,748474	0,013431	-1334,61481377	-0,928357745783
41	-53,57515264	0,76801	0,029304	-1329,05582997	-0,932240747199
41,5	-53,052994013	0,782662	0,00976801	-1320,06276775	-0,938591732359
42	-52,792181925	0,805861	0,014652	-1315,52973478	-0,941825917915
42,5	-52,530835386	0,821734	0,020757	-1310,96007001	-0,945108877333
43	-52,008676759	0,838828	0,023199	-1301,74849279	-0,951796761714
43,5	-51,747864671	0,855922	0,019536	-1297,10688263	-0,955202702713
44	-51,160503022	0,875458	0,00732601	-1286,55547465	-0,963036592212
44,5	-50,964893956	0,894994	0,02442	-1283,01147259	-0,965696742757
45	-50,507938351	0,912088	0,025641	-1274,6742524	-0,972013043854
45,5	-50,116720219	0,927961	0,023199	-1267,47198074	-0,977536402248
46	-49,85537368	0,945055	0,020757	-1262,62768313	-0,981286896011
46,5	-49,333215053	0,960928	0,00732601	-1252,87041918	-0,988929087185
47	-49,072402965	0,979243	0,028083	-1247,95776234	-0,992822062883
47,5	-48,550244338	0,992674	0,025641	-1238,04477537	-1,00077155903
48	-48,224229228	1,00977	0,02442	-1231,8033062	-1,00584240501
48,5	-48,028085711	1,03053	0,015873	-1228,02896475	-1,00893385707
49	-47,440724062	1,04762	0,00732601	-1216,6406101	-1,01837797433
49,5	-47,179911974	1,0696	0,02442	-1211,5426614	-1,02266312155
50	-46,657753347	1,08547	0,017094	-1201,26098237	-1,03141616866
50,5	-46,396941259	1,10134	0,018315	-1196,08798886	-1,03587696854
51	-46,070391698	1,11844	0,017094	-1189,57621779	-1,04154738593
51,5	-45,613970544	1,13553	0,00854701	-1180,40995799	-1,04963533356
52	-45,352624005	1,15018	0,02442	-1175,12759911	-1,05435358759
52,5	-44,765262356	1,16606	0,023199	-1163,16673996	-1,06519551964
53	-44,504450268	1,17705	0,020757	-1157,81637446	-1,07011787649
53,5	-44,047494663	1,19292	0,023199	-1148,38449915	-1,07890693485
54	-43,721479553	1,20635	0,00854701	-1141,61064266	-1,08530873285
54,5	-43,460133014	1,22466	0,019536	-1136,15375134	-1,09052141802
55	-42,937974387	1,24298	0,028083	-1125,18044611	-1,1011567116
55,5	-42,677162299	1,25519	0,028083	-1119,66435618	-1,10658162258
56	-42,08980065	1,27106	0,031746	-1107,15706821	-1,11908240987
56,5	-41,894191584	1,28327	0,010989	-1102,96587409	-1,12333484571
57	-41,567642023	1,29792	0,013431	-1095,94047929	-1,13053584881
57,5	-41,111220869	1,30647	0,023199	-1086,06142338	-1,14081945397
58	-40,719468286	1,31624	0,00854701	-1077,52710607	-1,14985506446
58,5	-40,262512681	1,32601	0,029304	-1067,5087233	-1,16064625325
59	-40,001700593	1,33211	0,021978	-1061,7601505	-1,16693021434
59,5	-39,740888505	1,34188	0,010989	-1055,98957703	-1,17330703536
60	-39,153526856	1,35043	0,025641	-1042,91401917	-1,18801739859
60,5	-38,957383339	1,35165	0,00732601	-1038,52308882	-1,19304039876
61	-38,37002169	1,35653	0,015873	-1025,30163917	-1,20842486998
61,5	-38,109209602	1,35531	0,02442	-1019,39615822	-1,21542541632
62	-37,587050975	1,35409	0,010989	-1007,50974141	-1,22976478447
62,5	-37,391441909	1,35775	0,030525	-1003,03529937	-1,2352506445
63	-37,064892348	1,35409	0,017094	-995,539647642	-1,2445511366
63,5	-36,543268172	1,34799	0,013431	-983,499249514	-1,25978743818
64	-36,216718611	1,34921	0,020757	-975,920111923	-1,26957113073
64,5	-35,694559984	1,33578	0,00976801	-963,735165327	-1,28562290199
65	-35,498950918	1,33089	0,018315	-959,149823965	-1,29176899067
65,5	-35,23813883	1,3138	0,032967	-953,018654551	-1,30007948332
66	-34,650777181	1,30525	0,013431	-939,138841419	-1,31929374588
66,5	-34,454633664	1,29426	0,029304	-934,481762982	-1,32586857131
67	-33,867806466	1,28083	0,021978	-920,483417492	-1,34603185289
67,5	-33,606459927	1,26862	0,00732601	-914,218016955	-1,35525659856
68	-33,345647839	1,25275	0,019536	-907,946466146	-1,36461790006
68,5	-32,823489212	1,23443	0,010989	-895,334106894	-1,38384094883
69	-32,496939651	1,21856	0,00854701	-887,408681385	-1,39619999893
69,5	-31,975315475	1,20147	0,034188	-874,689062815	-1,41650336408
70	-31,713968936	1,18437	0,014652	-868,288894219	-1,42694442858
70,5	-31,191810309	1,17216	0,017094	-855,447673946	-1,44836445026
71	-30,930998221	1,1685	0,03663	-849,006962165	-1,45935199028
71,5	-30,408839594	1,15385	0,02442	-836,059607923	-1,48195175112
72	-30,148027506	1,14774	0,018315	-829,566485944	-1,49355117521
72,5	-29,886680967	1,14408	0,032967	-823,042816212	-1,50538948351
73	-29,365056791	1,14164	0,010989	-809,971095887	-1,52968421502
73,5	-29,103710252	1,13919	0,02442	-803,396530859	-1,54220232775
74	-28,516348603	1,1453	0,030525	-788,559775493	-1,57121887079
74,5	-28,255536515	1,1453	0,018315	-781,945000579	-1,58451041836
75	-27,928986954	1,14164	0,026862	-773,640150245	-1,60151977584
75,5	-27,4725658	1,13553	0,026862	-761,990340079	-1,62600486493
76	-27,146016239	1,11477	0,00854701	-753,625689141	-1,64405223688
76,5	-26,689595085	1,06105	0,017094	-741,893384959	-1,67005128381
77	-26,363045524	0,934066	0,015873	-733,470495439	-1,68922950235
77,5	-26,102233436	0,709402	0,00610501	-726,726085415	-1,7049064632
78	-25,580074809	0,434676	0,021978	-713,178332932	-1,73729338482
78,5	-25,31872827	0,206349	0,017094	-706,375210567	-1,75402531327
79	-25,057916182	0,0830281	0,00854701	-699,571348669	-1,77108453964
79,5	-24,535757555	0,034188	0,025641	-685,906262729	-1,80636927715
80	-24,274945467	0,019536	0,020757	-679,059308672	-1,82458289604
80,5	-23,75278684	0,017094	0,02442	-665,309228266	-1,86229191985
81	-23,491974752	0,017094	0,032967	-658,420460656	-1,88177627221
81,5	-22,969816125	0,014652	0,014652	-644,587953482	-1,92215816834
82	-22,708469586	0,013431	0,019536	-637,644445744	-1,9430891436
82,5	-22,447657498	0,015873	0,031746	-630,701911182	-1,9644779539
83	-21,860295849	0,013431	0,021978	-615,019345968	-2,01457077428
83,5	-21,664686783	0,014652	0,02442	-609,782152876	-2,0318731766
84	-21,077325134	0,014652	0,031746	-594,013797614	-2,08581013602
84,5	-20,816513046	0,014652	0,013431	-586,991904053	-2,11076165011
85	-20,555166507	0,017094	0,026862	-579,943421031	-2,13641530375
85,5	-20,03300788	0,014652	0,030525	-565,82487826	-2,18972344201
86	-19,70699277	0,013431	0,018315	-556,985916107	-2,22447276344
86,5	-19,511383704	0,014652	0,019536	-551,673864531	-2,2458921469
87	-18,924022055	0,015873	0,035409	-535,684802927	-2,31292729088
87,5	-18,662675516	0,017094	0,017094	-528,552273587	-2,34413900368
88	-18,140516889	0,018315	0,023199	-514,269014037	-2,40924490137
88,5	-17,879704801	0,019536	0,028083	-507,118624719	-2,44321533386
89	-17,292343152	0,015873	0,015873	-490,977344091	-2,52353803065
89,5	-17,096734086	0,018315	0,017094	-485,590276157	-2,55153379471
90	-16,835387547	0,017094	0,026862	-478,383978605	-2,58996968003
90,5	-16,313763371	0,020757	0,00854701	-463,971248121	-2,6704240942
91	-15,98721381	0,020757	0,01221	-454,928875981	-2,72350265155
91,5	-15,465055183	0,018315	0,031746	-440,439375852	-2,81309998136
92	-15,204243095	0,019536	0,017094	-433,188267028	-2,86018826987
92,5	-14,943431007	0,019536	0,023199	-425,928182137	-2,90894111252
93	-14,42127238	0,023199	0,025641	-411,36676419	-3,01191080042
93,5	-14,159925841	0,025641	0,017094	-404,065697891	-3,06633304056
94	-13,899113753	0,02442	0,015873	-396,771180895	-3,12270663712
94,5	-13,376955126	0,026862	0,030525	-382,142644463	-3,24224479511
95	-13,116143038	0,026862	0,021978	-374,823901109	-3,30555227757
95,5	-12,593984411	0,026862	0,020757	-360,148229446	-3,44025014896
96	-12,26743485	0,031746	0,025641	-350,955021919	-3,5303669206
96,5	-11,745810674	0,035409	0,018315	-336,246437976	-3,68479739877
97	-11,484464135	0,037851	0,00854701	-328,86651987	-3,76748597117
97,5	-11,158449025	0,03663	0,013431	-319,650913316	-3,87610342528
98	-10,636290398	0,040293	0,031746	-304,869398182	-4,06403531279
98,5	-10,440681332	0,039072	0,020757	-299,325418193	-4,13930767216
99	-9,853319683	0,042735	0,023199	-282,657624016	-4,38339494401
99,5	-9,591973144	0,046398	0,026862	-275,231636484	-4,50166272972
100	-9,070348968	0,04884	0,018315	-260,393066164	-4,7581912155
100,5	-8,809002429	0,0525031	0,00976801	-252,950385096	-4,89819376844
101	-8,548190341	0,0549451	0,010989	-245,517677389	-5,0464798021
101,5	-8,026031714	0,0610501	0,014652	-230,621897572	-5,37242999493
102	-7,699482153	0,0634921	0,017094	-221,296504323	-5,59882318878
102,5	-7,438670065	0,0634921	0,015873	-213,843221775	-5,79396433385
103	-6,916511438	0,0708181	0,02442	-198,908222865	-6,22900341752
103,5	-6,65569935	0,0781441	0,021978	-191,442102614	-6,47193058937
104	-6,068337701	0,0805861	0,018315	-174,613742995	-7,09566142247
104,5	-5,872728635	0,0854701	0,032967	-169,005233418	-7,33113392373
105	-5,285366986	0,0964591	0,026862	-152,152805337	-8,14312951546
105,5	-5,089223469	0,102564	0,02442	-146,521457429	-8,45609934367
106	-4,763208359	0,113553	0,028083	-137,157684635	-9,03339833489
106,5	-4,241049732	0,126984	0,025641	-122,151172542	-10,1431691094
107	-3,980237644	0,13431	0,019536	-114,651719281	-10,8066412591
107,5	-3,458079017	0,14652	0,018315	-99,6304618074	-12,4359556056
108	-3,131529456	0,162393	0,020757	-90,2321255633	-13,7312513948
108,5	-2,60990528	0,184371	0,00854701	-75,2134444139	-16,473118731
109	-2,348558741	0,218559	0,00976801	-67,686293854	-18,3050353248
109,5	-2,152949675	0,264957	0,02442	-62,0515455666	-19,9672705762
110	-1,565588026	0,424908	0,034188	-45,1278223578	-27,4553465083
110,5	-1,304775938	3,29426	0,019536	-37,611385528	-32,9421525585
111	-1,043429399	5	0,015873	-30,0787645301	-41,1918514392
111,5	-0,521270772	4,99878	0,018315	-15,0272085633	-82,4504427941
112	-0,260458684	5	0,017094	-7,5085880336	-165,011050607
112,5	0,261699943	4,99878	0,00732601	7,54437120532	164,228398402
113	0,587715053	5	0,00854701	16,9426027931	73,1292597206
113,5	0,78385857	4,98901	0,026862	22,5967038597	54,8310057827
114	1,370685768	0,659341	0,018315	39,5109442178	31,3584001732
114,5	1,632032307	0,245421	0,013431	47,0425605794	26,3378520374
115	2,154190934	0,206349	0,032967	62,0873038357	19,9557707205
115,5	2,415003022	0,18315	0,02442	69,6001229882	17,8016926811
116	3,002364671	0,162393	0,013431	86,5138422387	14,3214076261
116,5	3,197973737	0,144078	0,021978	92,1446882204	13,446244422
117	3,524523298	0,128205	0,028083	101,542390705	12,2018005623
117,5	3,980944452	0,117216	0,023199	114,672046288	10,8047256512
118	4,307494013	0,111111	0,019536	124,061328939	9,98699603333
118,5	4,82965264	0,105006	0,028083	139,066460675	8,90940917016
119	5,090464728	0,0915751	0,015873	146,557099871	8,45404283444
119,5	5,677826377	0,0818071	0,019536	163,415030203	7,58192192275
120	5,939172916	0,0781441	0,020757	170,910550219	7,24940618594
120,5	6,134781982	0,0720391	0,010989	176,518375805	7,01909925439
121	6,722143631	0,0683761	0,00854701	193,344548209	6,40824896011
121,5	6,982955719	0,0659341	0,020757	200,809633136	6,17002272577
122	7,570317368	0,0549451	0,01221	217,605898285	5,69377948744
122,5	7,765926434	0,0549451	0,00732601	223,194569913	5,55121032058
123	8,092475995	0,0512821	0,017094	232,518463435	5,32860909924
123,5	8,5494316	0,046398	0,014652	245,553063362	5,04575256784
124	8,87544671	0,045177	0,013431	254,843104206	4,86181489533
124,5	9,397605337	0,041514	0,023199	269,705083247	4,59390674097
125	9,658417425	0,035409	0,029304	277,120155393	4,47098479084
125,5	9,919763964	0,032967	0,00732601	284,544662403	4,35432522099
126	10,44138814	0,030525	0,020757	299,345456966	4,13903057878
126,5	10,702734679	0,031746	0,030525	306,751766176	4,03909654848
127	11,290096328	0,028083	0,014652	323,373505707	3,8314827224
127,5	11,485705394	0,028083	0,026862	328,901586904	3,76708428701
128	12,073067043	0,025641	0,029304	345,477638453	3,58633920722
128,5	12,333879131	0,023199	0,00976801	352,826532336	3,51164066885
129	12,856037758	0,023199	0,00610501	367,517256457	3,3712702689
129,5	13,117384297	0,020757	0,014652	374,858751046	3,30524496638
130	13,443399407	0,018315	0,023199	384,005902146	3,22651290794
130,5	13,900355012	0,015873	0,014652	396,80591661	3,12243328069
131	14,226370122	0,015873	0,023199	405,922711059	3,05230519565
131,5	14,618122705	0,018315	0,03663	416,86039923	2,97221804299
132	15,009340837	0,014652	0,017094	427,763717676	2,89645883651
132,5	15,270687376	0,013431	0,014652	435,036411823	2,84803746612
133	15,792846003	0,014652	0,020757	449,539669194	2,75615276005
133,5	16,053658091	0,013431	0,01221	456,769968878	2,71252508794
134	16,445410674	0,01221	0,00732601	467,612402406	2,64963032123
134,5	16,836628806	0,010989	0,02442	478,418228382	2,5897842651
135	17,163178367	0,00732601	0,028083	487,420787591	2,54195149559
135,5	17,685336994	0,00976801	0,021978	501,783021267	2,46919474651
136	17,946149082	0,00854701	0,010989	508,941255632	2,43446564076
136,5	18,468307709	0,010989	0,026862	523,240552942	2,36793572867
137	18,729119797	0,010989	0,015873	530,366683619	2,33611959097
137,5	18,990466336	0,00854701	0,01221	537,496393423	2,3051317463
138	19,577293534	0,00732601	0,031746	553,464464164	2,23862610921
138,5	19,773437051	0,00854701	0,03663	558,788834156	2,2172955583
139	20,3607987	0,00854701	0,013431	574,693513825	2,15593176222
139,5	20,621610788	0,00854701	0,00854701	581,736564571	2,12983002179
140	20,882422876	0,00854701	0,014652	588,76756119	2,10439582897
140,5	21,404581503	0,00976801	0,028083	602,807154251	2,05538370151
141	21,731131064	0,00976801	0,01221	611,561917232	2,0259600297
141,5	22,187552218	0,00976801	0,021978	623,765175293	1,98632441995
142	22,514101779	0,00976801	0,021978	632,471832101	1,95898052232
142,5	22,709710845	0,00976801	0,018315	637,677455235	1,94298855923
143	23,297072494	0,010989	0,00732601	653,263638729	1,89663089532
143,5	23,558419033	0,010989	0,020757	660,176738427	1,87677015545
144	24,080043209	0,01221	0,028083	673,933454438	1,83846044716
144,5	24,341389748	0,019536	0,023199	680,804974618	1,81990444576
145	24,928751397	0,0634921	0,020757	696,196422828	1,77967016114
145,5	25,124360463	0,206349	0,020757	701,306076802	1,76670364194
146	25,450375573	0,483516	0,017094	709,803972729	1,74555236037
146,5	25,9725342	0,84127	0,00732601	723,366543048	1,71282458652
147	26,233880739	1,17705	0,028083	730,132279382	1,69695277827
147,5	26,755504915	1,40293	0,030525	743,590522846	1,66623963315
148	27,016851454	1,53114	0,013431	750,310328427	1,65131673263
148,5	27,277663542	1,58852	0,00976801	757,000829106	1,63672211755
149	27,865025191	1,62882	0,02442	772,01051482	1,60490042067
149,5	28,060634257	1,65446	0,019536	776,991259915	1,59461253159
150	28,647995906	1,67399	0,021978	791,892447285	1,5646064112
150,5	28,909342445	1,68254	0,00732601	798,496070378	1,55166699745
151	29,170154533	1,69475	0,019536	805,069626682	1,53899732264
151,5	29,69231316	1,70574	0,030525	818,179942428	1,51433680508
152	29,953125248	1,7094	0,021978	824,703011214	1,50235901064
152,5	30,214471787	1,72161	0,00732601	831,222305669	1,49057597655
153	30,801833436	1,72161	0,02442	845,810737076	1,46486671981
153,5	30,997442502	1,7326	0,037851	850,649468106	1,45653415003
154	31,584804151	1,74115	0,01221	865,119072584	1,43217279478
154,5	31,845616239	1,74725	0,00976801	871,515098244	1,4216621175
155	32,367774866	1,75702	0,020757	884,265855138	1,4011623233
155,5	32,628586954	1,76557	0,028083	890,60727119	1,39118558772
156	32,889933493	1,77167	0,020757	896,943170877	1,38135841849
156,5	33,41209212	1,78144	0,00854701	909,545992567	1,36221808476
157	33,672904208	1,78266	0,02442	915,812729678	1,35289667838
157,5	34,260265857	1,79121	0,025641	929,856042235	1,33246432106
158	34,521077945	1,79365	0,013431	936,060593377	1,32363226138
158,5	34,782424484	1,78877	0,00732601	942,258402961	1,31492592277
159	35,304583111	1,78632	0,023199	954,582506061	1,29794961895
159,5	35,565395199	1,8022	0,017094	960,708624311	1,28967302744
160	35,826207287	1,79853	0,019536	966,814835776	1,28152770743
160,5	36,413568936	1,78755	0,023199	980,492771881	1,26365031496
161	36,674915475	1,78877	0,01221	986,545730205	1,25589717949
161,5	37,196539651	1,78632	0,015873	998,565397455	1,24078002618
162	37,45788619	1,77534	0,019536	1004,55648685	1,2333801197
162,5	37,718698278	1,76801	0,023199	1010,51448794	1,22610810116
163	38,240856905	1,76313	0,014652	1022,3796519	1,21187857925
163,5	38,501668993	1,75214	0,014652	1028,2744244	1,20493126212
164	39,089030642	1,73993	0,020757	1041,47153287	1,18966285769
164,5	39,350377181	1,72161	0,00976801	1047,30848389	1,18303252485
165	39,741595313	1,71184	0,017094	1056,00524507	1,17328962691
165,5	40,133347896	1,69841	0,032967	1064,66455286	1,16374683149
166	40,394159984	1,6862	0,019536	1070,40197536	1,15750907465
166,5	40,916318611	1,66545	0,010989	1081,82180562	1,14529028124
167	41,17766515	1,64591	0,018315	1087,50388479	1,13930627498
167,5	41,438477238	1,63126	0,028083	1093,15178705	1,13341990991
168	41,960635865	1,60928	0,025641	1104,39097868	1,12188529599
168,5	42,221447953	1,58486	0,010989	1109,97053133	1,1162458507
169	42,482794492	1,55678	0,01221	1115,53844704	1,11067440417
169,5	43,06962169	1,53358	0,023199	1127,95589618	1,09844720365
170	43,330968229	1,51282	0,021978	1133,44806712	1,09312463089
170,5	43,853126856	1,49328	0,017094	1144,35043735	1,08271029535
171	44,113938944	1,47375	0,017094	1149,76050708	1,0776157229
171,5	44,374751032	1,45543	0,019536	1155,1467527	1,0725909908
172	44,896909659	1,42857	0,013431	1165,85823995	1,06273640958
172,5	45,158256198	1,40781	0,017094	1171,18316052	1,05790455478
173	45,745617847	1,38339	0,020757	1183,06153002	1,04728280699
173,5	46,006429935	1,36142	0,020757	1188,29621501	1,04266931456
174	46,528588562	1,33211	0,00854701	1198,70220943	1,03361784958
174,5	46,78940065	1,31258	0,018315	1203,86265222	1,02918717323
175	47,050747189	1,28571	0,030525	1209,00864772	1,02480656555
175,5	47,572371365	1,26252	0,025641	1219,20427925	1,0162365906
176	47,833717904	1,23932	0,010989	1224,27459591	1,01202786053
176,5	48,094529992	1,21734	0,00854701	1229,30914978	1,00788316773
177	48,616688619	1,19536	0,028083	1239,31192218	0,999748310189
177,5	48,877500707	1,17216	0,021978	1244,26969516	0,995764828813
178	49,464862356	1,15018	0,019536	1255,34027522	0,986983389646
178,5	49,726208895	1,12943	0,019536	1260,22378906	0,983158714155
179	49,987020983	1,10745	0,020757	1265,07117645	0,979391533899
179,5	50,50917961	1,08547	0,00976801	1274,69700941	0,971995690626
180	50,769991698	1,06227	0,013431	1279,46540304	0,968373194817
180,5	51,096541259	1,04274	0,035409	1285,39827749	0,963903578915
181	51,618699886	1,02442	0,019536	1294,79821057	0,956905863699
181,5	51,814308952	1,00244	0,00976801	1298,29193081	0,954330817745
182	52,401670601	0,979243	0,023199	1308,69153623	0,946747163635
182,5	52,662482689	0,959707	0,026862	1313,2653487	0,943449852863
183	52,923829228	0,940171	0,023199	1317,82123788	0,940188217027
183,5	53,380250382	0,916972	0,00732601	1325,71192818	0,934592179236
184	53,706799943	0,892552	0,018315	1331,30577843	0,93066523114
184,5	54,163221097	0,869353	0,026862	1339,05184895	0,925281572159
185	54,489770658	0,837607	0,023199	1344,54170999	0,921503580583
185,5	54,750582746	0,794872	0,00976801	1348,89504813	0,918529578498
186	55,337944395	0,750916	0,00732601	1358,5964917	0,911970557532
186,5	55,534087912	0,722833	0,031746	1361,80444121	0,909822264125
187	56,1211823355	0,705739	0,030525	1371,31091252	0,903515015219
187,5	56,3822082039	0,692308	0,015873	1375,4913703	0,900769010081
188	56,6432340723	0,673993	0,00732601	1379,64327986	0,898058228591
188,5	57,1652858091	0,655678	0,017094	1387,86111024	0,892740628623
189	57,4263116775	0,64591	0,029304	1391,9268605	0,890132976923
189,5	57,6873375459	0,628816	0,010989	1395,96372143	0,887558882066
190	58,2746457498	0,616606	0,00732601	1404,9405989	0,881887818582
190,5	58,5356716182	0,614164	0,021978	1408,88299398	0,879420083354
191	58,7966974866	0,617827	0,030525	1412,7961478	0,876984271176
191,5	59,3187492234	0,617827	0,00976801	1420,53440743	0,872206962058
192	59,5797750918	0,620269	0,00610501	1424,35935262	0,869864755494
192,5	60,1018268286	0,626374	0,028083	1431,92047683	0,865271514757
193	60,4281091641	0,632479	0,021978	1436,58585169	0,862461507986
193,5	60,9501609009	0,626374	0,019536	1443,95348645	0,858060880511
194	61,2111867693	0,620269	0,020757	1447,59238819	0,855903920265
194,5	61,4722126377	0,616606	0,01221	1451,20124527	0,853775452604
195	61,9942643745	0,608059	0,019536	1458,32852645	0,849602800418
195,5	62,2552902429	0,587302	0,025641	1461,84680262	0,847558032605
196	62,7773419797	0,570208	0,021978	1468,79226103	0,843550196219
196,5	63,0383678481	0,559219	0,00610501	1472,21929912	0,841586576634
197	63,2993937165	0,53602	0,026862	1475,61578141	0,839649464047
197,5	63,8867019204	0,516484	0,029304	1483,14578283	0,83538652393
198	64,0824713217	0,500611	0,020757	1485,62119175	0,83399456529
198,5	64,4087536572	0,479853	0,017094	1489,70831664	0,831706439549
199	64,930805394	0,457875	0,00854701	1496,14717598	0,828127085283
199,5	65,1918312624	0,435897	0,021978	1499,32006028	0,826374589941
200	65,4528571308	0,418803	0,032967	1502,4618263	0,824646575581
200,5	65,9749088676	0,399267	0,01221	1508,65174336	0,82126309498
201	66,235934736	0,374847	0,00732601	1511,69976593	0,819607191803
201,5	66,7579864728	0,355311	0,026862	1517,70162282	0,816365998015
202	67,0842688083	0,338217	0,023199	1521,38883098	0,814387469378
202,5	67,6063205451	0,318681	0,021978	1527,185692	0,811296233648
203	67,8673464135	0,296703	0,020757	1530,0366075	0,809784546284
203,5	68,1283722819	0,283272	0,00732601	1532,85576721	0,808295226796
204	68,6504240187	0,267399	0,014652	1538,39858587	0,805382955612
204,5	68,9114498871	0,247863	0,021978	1541,12212979	0,803959644762
205	69,498758091	0,228327	0,029304	1547,13307023	0,800836090857
205,5	69,6945274923	0,217338	0,017094	1549,10062354	0,799818927944
206	69,9555533607	0,200244	0,00610501	1551,69589147	0,798481201639
206,5	70,4776050975	0,185592	0,02442	1556,78975815	0,795868545197
207	70,7386309659	0,177045	0,021978	1559,28825119	0,794593301821
207,5	70,9996568343	0,161172	0,02442	1561,75438131	0,793338577964
208	71,5217085711	0,144078	0,025641	1566,58934879	0,790890095707
208,5	71,8479909066	0,13431	0,00976801	1569,54518389	0,789400657414
209	72,3700426434	0,1221	0,031746	1574,16860958	0,787082141305
209,5	72,6310685118	0,112332	0,019536	1576,43133862	0,785952403789
210	73,0878637815	0,100122	0,025641	1580,3123572	0,784022218364
210,5	73,414146117	0,0891331	0,029304	1583,02302907	0,782679706643
211	73,7404284525	0,0793651	0,00732601	1585,68236424	0,781367080787
211,5	74,1972237222	0,0708181	0,015873	1589,31902394	0,779579166508
212	74,5235060577	0,0671551	0,023199	1591,85480235	0,778337319565
212,5	74,9803013274	0,0586081	0,01221	1595,31814721	0,776647593565
213	75,3065836629	0,0500611	0,020757	1597,7298952	0,775475256314
213,5	75,5676095313	0,043956	0,014652	1599,62199147	0,774557993454
214	76,0896612681	0,035409	0,020757	1603,30654536	0,772777984091
214,5	76,3506871365	0,035409	0,00732601	1605,09892649	0,771915038725
215	76,6117130049	0,029304	0,021978	1606,85799393	0,771070004122
215,5	77,1337647417	0,021978	0,028083	1610,27604235	0,769433294303
216	77,4600470772	0,021978	0,015873	1612,3444538	0,768446219467
216,5	77,982098814	0,017094	0,015873	1615,54512669	0,766923795275
217	78,2431246824	0,015873	0,014652	1617,0951838	0,766188664965
217,5	78,5041505508	0,010989	0,018315	1618,61167823	0,765470814687
218	79,0262022876	0,01221	0,031746	1621,54385384	0,764086643147
218,5	79,287228156	0,00976801	0,014652	1622,95947417	0,763420171434
219	79,8092798928	0,00732601	0,017094	1625,68963295	0,762138095052
219,5	80,0703057612	0,00732601	0,01221	1627,00411474	0,761522351896
220	80,592357498	0,010989	0,00976801	1629,53174671	0,760341124067
220,5	80,9186398335	0,00732601	0,03663	1631,0428314	0,759636703675
221	81,244922169	0,00732601	0,020757	1632,50102213	0,758958177178
Vernier Format 2
lampe_vor_neueinstellung.cmbl 21.10.2014 10:38:20 ,
Latest 2
Time	Winkel	Pyro	Sample	Wellenlänge	Energie
t	Pot	Pot	Pot	Lambda	E
s	°	V	V	nm	eV

 	 	 	 	 	 
