Vernier Format 2
lampe_vor_neueinstellung.cmbl 21.10.2014 11:15:41 ,
Latest
Time	Winkel	Pyro	Sample	Wellenlänge	Energie
t	Pot	Pot	Pot	Lambda	E
s	°	V	V	nm	eV

0	-21,338137222	0,00610501	0,029304	-601,023382652	-2,06148385531
0,5	-21,860295849	0,00610501	0,034188	-615,019345968	-2,01457077428
1	-22,121642388	0,00610501	0,032967	-622,005381954	-1,99194417918
1,5	-22,708469586	0,00610501	0,030525	-637,644445744	-1,9430891436
2	-22,904613103	0,00610501	0,028083	-642,85687636	-1,92733413231
2,5	-23,491974752	0,00610501	0,035409	-658,420460656	-1,88177627221
3	-23,75278684	0,00610501	0,031746	-665,309228266	-1,86229191985
3,5	-24,274945467	0,00610501	0,041514	-679,059308672	-1,82458289604
4	-24,470554533	0,00610501	0,040293	-684,195851111	-1,81088499439
4,5	-25,057916182	0,00732601	0,0659341	-699,571348669	-1,77108453964
5	-25,31872827	0,00610501	0,107448	-706,375210567	-1,75402531327
5,5	-25,840886897	0,00610501	0,185592	-719,952750212	-1,72094626993
6	-26,102233436	0,00610501	0,260073	-726,726085415	-1,7049064632
6,5	-26,623857612	0,00610501	0,310134	-740,199707265	-1,67387258849
7	-26,885204151	0,00610501	0,344322	-746,927323555	-1,65879592422
7,5	-27,4725658	0,00610501	0,35409	-761,990340079	-1,62600486493
8	-27,668174866	0,00610501	0,371184	-766,989079953	-1,61540761451
8,5	-28,255536515	0,00610501	0,376068	-781,945000579	-1,58451041836
9	-28,777695142	0,00610501	0,396825	-795,171715223	-1,55815401413
9,5	-29,103710252	0,00610501	0,410256	-803,396530859	-1,54220232775
10	-29,560665857	0,00610501	0,423687	-814,880916483	-1,5204675615
10,5	-29,821477945	0,00610501	0,448107	-821,412559598	-1,50837722838
11	-30,343636572	0,00610501	0,461538	-834,437946298	-1,48483180265
11,5	-30,670186133	0,00610501	0,489621	-842,548658162	-1,47053821521
12	-31,126607287	0,00610501	0,5116	-853,839152576	-1,45109297959
12,5	-31,453156848	0,00610501	0,549451	-861,883803616	-1,43754876794
13	-31,975315475	0,00610501	0,587302	-874,689062815	-1,41650336408
13,5	-32,496939651	0,00610501	0,626374	-887,408681385	-1,39619999893
14	-32,75828619	0,00610501	0,683761	-893,753931597	-1,38628760803
14,5	-33,345647839	0,00610501	0,735043	-907,946466146	-1,36461790006
15	-33,541256905	0,00610501	0,794872	-912,651900132	-1,35758222803
15,5	-34,128618554	0,00610501	0,85348	-926,716912614	-1,33697786577
16	-34,389430642	0,00610501	0,923077	-932,931205292	-1,32807220186
16,5	-34,911589269	0,00610501	1,00611	-945,314303304	-1,31067518567
17	-35,303341852	0,00610501	1,07937	-954,553303197	-1,29798932742
17,5	-35,694559984	0,00610501	1,16239	-963,735165327	-1,28562290199
18	-36,021109545	0,00732601	1,23687	-971,364874245	-1,27552481344
18,5	-36,47806515	0,00732601	1,31502	-981,988447636	-1,26172563739
19	-36,999689326	0,00610501	1,37363	-994,03908994	-1,24642985627
19,5	-37,261035865	0,00610501	1,41636	-1000,04583983	-1,23894320705
20	-37,783194492	0,00732601	1,44567	-1011,98461742	-1,22432691038
20,5	-38,109209602	0,01221	1,43346	-1019,39615822	-1,21542541632
21	-38,631368229	0,03663	1,39805	-1031,19791086	-1,2015152348
21,5	-38,892180317	0,0781441	1,32234	-1037,06073555	-1,19472269804
22	-39,414338944	0,120879	1,21978	-1048,73370066	-1,18142479756
22,5	-40,001700593	0,167277	1,09402	-1061,7601505	-1,16693021434
23	-40,197309659	0,214896	0,970696	-1066,07364918	-1,16220863441
23,5	-40,719468286	0,249084	0,868132	-1077,52710607	-1,14985506446
24	-40,980814825	0,28083	0,764347	-1083,22614988	-1,14380547418
24,5	-41,567642023	0,304029	0,678877	-1095,94047929	-1,13053584881
25	-41,76378554	0,322344	0,594628	-1100,16459963	-1,126195117
25,5	-42,351147189	0,335775	0,518926	-1112,7366315	-1,11347102713
26	-42,611959277	0,343101	0,449328	-1118,28170414	-1,10794980854
26,5	-43,199320926	0,351648	0,376068	-1130,68445293	-1,09579644152
27	-43,394929992	0,357753	0,316239	-1134,7886294	-1,09183328763
27,5	-43,982291641	0,360195	0,260073	-1147,0326953	-1,08017845096
28	-44,243103729	0,365079	0,206349	-1152,43098034	-1,07511861547
28,5	-44,765262356	0,365079	0,15873	-1163,16673996	-1,06519551964
29	-45,157014939	0,367521	0,103785	-1171,15792744	-1,05792734777
29,5	-45,613970544	0,3663	0,0671551	-1180,40995799	-1,04963533356
30	-46,070391698	0,358974	0,042735	-1189,57621779	-1,04154738593
30,5	-46,396941259	0,360195	0,028083	-1196,08798886	-1,03587696854
31	-46,853362413	0,347985	0,029304	-1205,12439847	-1,02810963049
31,5	-47,179911974	0,343101	0,02442	-1211,5426614	-1,02266312155
32	-47,636867579	0,340659	0,029304	-1220,45791532	-1,01519272762
32,5	-47,962882689	0,330891	0,023199	-1226,77108959	-1,00996837186
33	-48,419838294	0,328449	0,021978	-1235,55298643	-1,00278985491
33,5	-48,745853404	0,316239	0,019536	-1241,77042968	-0,997768967905
34	-49,268012031	0,316239	0,017094	-1251,64468481	-0,989897544433
34,5	-49,724967636	0,306471	0,019536	-1260,20065682	-0,983176761013
35	-50,050982746	0,30525	0,018315	-1266,25595484	-0,978475161568
35,5	-50,638344395	0,291819	0,025641	-1277,06181993	-0,970195789008
36	-50,899690934	0,288156	0,019536	-1281,82681337	-0,966589235827
36,5	-51,421849561	0,282051	0,020757	-1291,26708511	-0,959522638105
37	-51,617458627	0,274725	0,015873	-1294,77599255	-0,956922283954
37,5	-52,270023298	0,269841	0,013431	-1306,37255795	-0,948427760871
38	-52,465632364	0,255189	0,018315	-1309,81573495	-0,945934582201
38,5	-53,052994013	0,253968	0,014652	-1320,06276775	-0,938591732359
39	-53,509949618	0,249084	0,023199	-1327,93886381	-0,933024880709
39,5	-53,835964728	0,241758	0,019536	-1333,50646808	-0,929129351571
40	-54,292920333	0,240537	0,018315	-1341,23753375	-0,923773730474
40,5	-54,618935443	0,224664	0,018315	-1346,70114846	-0,920025947419
41	-55,14109407	0,214896	0,010989	-1355,36097433	-0,914147613417
41,5	-55,402440609	0,196581	0,017094	-1359,65309341	-0,911261854957
42	-55,924064785	0,185592	0,014652	-1368,13511125	-0,905612311102
42,5	-56,250614346	0,18315	0,017094	-1373,38739275	-0,902148954144
43	-56,707569951	0,177045	0,021978	-1380,66221901	-0,897395454833
43,5	-57,033585061	0,173382	0,014652	-1385,79879513	-0,894069185481
44	-57,490540666	0,168498	0,019536	-1392,92286836	-0,889496488386
44,5	-57,816555776	0,161172	0,013431	-1397,95141245	-0,886296897706
45	-58,338714403	0,159951	0,01221	-1405,91096094	-0,881279138169
45,5	-58,600060942	0,151404	0,018315	-1409,85100277	-0,878816270345
46	-59,121685118	0,150183	0,015873	-1417,62719082	-0,87399565134
46,5	-59,709046767	0,145299	0,025641	-1426,24269565	-0,868716105454
47	-59,905190284	0,141636	0,025641	-1429,08641781	-0,86698745755
47,5	-60,492017482	0,137973	0,02442	-1437,49419857	-0,86191652198
48	-60,688160999	0,129426	0,029304	-1440,27086893	-0,860254849786
48,5	-61,275522648	0,125763	0,02442	-1448,48466762	-0,855376675842
49	-61,536334736	0,1221	0,028083	-1452,0831707	-0,853256910483
49,5	-62,058493363	0,112332	0,028083	-1459,19705685	-0,849097107333
50	-62,319305451	0,113553	0,030525	-1462,70501112	-0,847060747436
50,5	-62,9066671	0,101343	0,034188	-1470,49399985	-0,842573992229
51	-63,102276166	0,101343	0,028083	-1473,05370496	-0,841109863018
51,5	-63,689637815	0,0927961	0,031746	-1480,63651571	-0,836802271762
52	-63,885781332	0,0879121	0,02442	-1483,13410151	-0,835393103522
52,5	-64,473142981	0,0854701	0,025641	-1490,50917608	-0,831259558733
53	-64,668752047	0,0757021	0,026862	-1492,93056631	-0,829911335434
53,5	-65,256113696	0,0757021	0,025641	-1500,09666871	-0,825946771193
54	-65,778272323	0,0659341	0,032967	-1506,3349186	-0,822526242138
54,5	-66,039084411	0,0622711	0,02442	-1509,40403222	-0,820853776428
55	-66,561243038	0,0537241	0,026862	-1515,45449633	-0,817576511207
55,5	-66,822055126	0,0512821	0,020757	-1518,42952853	-0,815974647961
56	-67,344213753	0,045177	0,025641	-1524,291077	-0,812836877875
56,5	-67,670228863	0,039072	0,023199	-1527,88662892	-0,810924041447
57	-68,127184468	0,041514	0,025641	-1532,84301046	-0,808301953652
57,5	-68,453734029	0,030525	0,028083	-1536,32522483	-0,806469867169
58	-68,910155183	0,032967	0,023199	-1541,10869973	-0,803966650902
58,5	-69,236704744	0,021978	0,023199	-1544,47107251	-0,80221638466
59	-69,758863371	0,020757	0,015873	-1549,74327525	-0,79948725688
59,5	-70,34622502	0,014652	0,021978	-1555,51998406	-0,796518214292
60	-70,541834086	0,013431	0,018315	-1557,40754569	-0,79555284256
Vernier Format 2
lampe_vor_neueinstellung.cmbl 21.10.2014 11:15:41 ,
Latest 2
Time	Winkel	Pyro	Sample	Wellenlänge	Energie
t	Pot	Pot	Pot	Lambda	E
s	°	V	V	nm	eV

 	 	 	 	 	 
