Vernier Format 2
lampe_vor_neueinstellung.cmbl 21.10.2014 11:38:30 ,
Latest
Time	Winkel	Pyro	Sample	Wellenlänge	Energie
t	Pot	Pot	Pot	Lambda	E
s	°	V	V	nm	eV

0	-88,878847896	0,00610501	0,00854701	-1651,43092328	-0,750258447102
0,5	-88,421892291	0,00976801	0,00732601	-1651,12064907	-0,750399433681
1	-88,095877181	0,00732601	0,00854701	-1650,83508989	-0,75052923674
1,5	-87,899733664	0,020757	0,00854701	-1650,63753402	-0,75061906352
2	-87,312906466	0,00732601	0,00854701	-1649,93097838	-0,750940503717
2,5	-87,116762949	0,00610501	0,00854701	-1649,65621935	-0,751065576856
3	-86,790747839	0,00610501	0,00854701	-1649,15676524	-0,751293040246
3,5	-86,268589212	0,00732601	0,00732601	-1648,24558427	-0,751708369082
4	-85,942039651	0,00488401	0,00854701	-1647,60616649	-0,752000098812
4,5	-85,485618497	0,00854701	0,00854701	-1646,62277316	-0,752449207068
5	-85,224271958	0,00610501	0,00732601	-1646,01263291	-0,752728123239
5,5	-84,636910309	0,00610501	0,00854701	-1644,51642302	-0,753412968491
6	-84,376098221	0,00732601	0,00854701	-1643,79662802	-0,753742877237
6,5	-83,919142616	0,00610501	0,00854701	-1642,45340479	-0,754359299562
7	-83,593127506	0,00732601	0,00854701	-1641,43122096	-0,754829068788
7,5	-83,070968879	0,00732601	0,00854701	-1639,68334371	-0,755633704981
8	-82,744953769	0,00610501	0,00854701	-1638,52297242	-0,756168830621
8,5	-82,548810252	0,00610501	0,00854701	-1637,79928541	-0,756502955542
9	-81,961448603	0,00610501	0,00854701	-1635,51740553	-0,757558431239
9,5	-81,765839537	0,00610501	0,00854701	-1634,71930725	-0,757928284388
10	-81,178477888	0,00610501	0,00854701	-1632,20836678	-0,759094258565
10,5	-80,9176658	0,00610501	0,00854701	-1631,03839913	-0,759638767953
11	-80,395507173	0,00610501	0,00854701	-1628,59452826	-0,760778682784
11,5	-80,134695085	0,00610501	0,00854701	-1627,32317708	-0,761373043442
12	-79,873348546	0,00488401	0,00854701	-1626,01539732	-0,761985404347
12,5	-79,351189919	0,00732601	0,00854701	-1623,30122051	-0,763259452003
13	-79,025174809	0,00732601	0,00854701	-1621,53821501	-0,76408930023
13,5	-78,568219204	0,00610501	0,00854701	-1618,97876736	-0,765297250947
14	-78,242204094	0,00610501	0,00854701	-1617,08977601	-0,766191227218
14,5	-77,720045467	0,00732601	0,00854701	-1613,95523937	-0,767679282411
15	-77,458698928	0,00488401	0,00732601	-1612,33601497	-0,768450241451
15,5	-76,937074752	0,00610501	0,00854701	-1609,00392708	-0,770041625843
16	-76,675728213	0,00610501	0,00854701	-1607,28430486	-0,770865487989
16,5	-76,153569586	0,00610501	0,00854701	-1603,74846103	-0,772565043775
17	-75,827554476	0,00732601	0,00854701	-1601,47325843	-0,773662621888
17,5	-75,305395849	0,00732601	0,00854701	-1597,72120928	-0,775479472141
18	-75,044583761	0,00610501	0,00854701	-1595,79739191	-0,776414353279
18,5	-74,587628156	0,00732601	0,00854701	-1592,34707514	-0,778096697226
19	-74,261613046	0,00732601	0,00854701	-1589,82352504	-0,779331781476
19,5	-74,000266507	0,00610501	0,00732601	-1587,76337384	-0,780342978313
20	-73,412904858	0,00732601	0,00732601	-1583,01281422	-0,78268475711
20,5	-73,217295792	0,00610501	0,00854701	-1581,39378343	-0,783486069681
21	-72,629934143	0,00610501	0,00854701	-1576,42157599	-0,785957271122
21,5	-72,434325077	0,00610501	0,00732601	-1574,72888242	-0,786802105321
22	-71,846963428	0,00610501	0,00854701	-1569,53595566	-0,789405298764
22,5	-71,651354362	0,00732601	0,00854701	-1567,76991542	-0,790294537366
23	-71,063992713	0,00610501	0,00854701	-1562,35723907	-0,793032456992
23,5	-70,867849196	0,00610501	0,00854701	-1560,51313226	-0,793969608063
24	-70,215284525	0,00610501	0,00854701	-1554,24632069	-0,797170939707
24,5	-70,019675459	0,00976801	0,00854701	-1552,32850455	-0,798155800378
25	-69,497516832	0,00488401	0,00854701	-1547,12053748	-0,800842578186
25,5	-69,301907766	0,00610501	0,00854701	-1545,13644118	-0,801870933194
26	-68,649343095	0,00854701	0,00854701	-1538,38724109	-0,80538889488
26,5	-68,453734029	0,00610501	0,00854701	-1536,32522483	-0,806469867169
27	-67,86637238	0,00610501	0,00854701	-1530,02602813	-0,809790145541
27,5	-67,670228863	0,00732601	0,00854701	-1527,88662892	-0,810924041447
28	-67,344213753	0,00610501	0,00854701	-1524,291077	-0,812836877875
28,5	-66,822055126	0,00610501	0,00854701	-1518,42952853	-0,815974647961
29	-66,561243038	0,00732601	0,00854701	-1515,45449633	-0,817576511207
29,5	-66,039084411	0,00976801	0,00854701	-1509,40403222	-0,820853776428
30	-65,71253485	0,00610501	0,00732601	-1505,5564235	-0,822951555092
30,5	-65,256113696	0,00610501	0,00732601	-1500,09666871	-0,825946771193
31	-64,994767157	0,00732601	0,00854701	-1496,92753417	-0,827695377175
31,5	-64,473142981	0,00610501	0,00732601	-1490,50917608	-0,831259558733
32	-64,14659342	0,00610501	0,00854701	-1486,42821513	-0,833541766355
32,5	-63,689637815	0,00732601	0,00854701	-1480,63651571	-0,836802271762
33	-63,428825727	0,00732601	0,00854701	-1477,28860359	-0,838698678774
33,5	-63,102276166	0,00610501	0,00732601	-1473,05370496	-0,841109863018
34	-62,58065199	0,00610501	0,00854701	-1466,18975193	-0,845047510643
34,5	-62,319305451	0,00732601	0,00854701	-1462,70501112	-0,847060747436
35	-61,731943802	0,00732601	0,00854701	-1454,76230648	-0,851685525866
35,5	-61,536334736	0,00732601	0,00854701	-1452,0831707	-0,853256910483
36	-60,948973087	0,00610501	0,00854701	-1443,93685885	-0,858070761477
36,5	-60,753364021	0,00610501	0,00854701	-1441,19016724	-0,85970611524
37	-60,231205394	0,00610501	0,00854701	-1433,77597133	-0,864151739727
37,5	-59,905190284	0,013431	0,00854701	-1429,08641781	-0,86698745755
38	-59,383031657	0,00854701	0,00854701	-1421,47911011	-0,871627300876
38,5	-59,121685118	0,00732601	0,00854701	-1417,62719082	-0,87399565134
39	-58,86087303	0,00610501	0,00854701	-1413,75374395	-0,876390252052
39,5	-58,338714403	0,00976801	0,00854701	-1405,91096094	-0,881279138169
40	-58,012699293	0,013431	0,00854701	-1400,95498597	-0,884396723955
40,5	-57,555743688	0,00610501	0,00854701	-1393,93219024	-0,888852419561
41	-57,229194127	0,00610501	0,00854701	-1388,85921511	-0,892099059803
41,5	-56,772772973	0,015873	0,00854701	-1381,69311565	-0,896725898078
42	-56,446223412	0,018315	0,00854701	-1376,51224953	-0,900100961998
42,5	-55,924064785	0,028083	0,00854701	-1368,13511125	-0,905612311102
43	-55,663252697	0,03663	0,00732601	-1363,90823306	-0,908418887699
43,5	-55,14109407	0,03663	0,00854701	-1355,36097433	-0,914147613417
44	-54,81507896	0,026862	0,00854701	-1349,96727794	-0,91780002393
44,5	-54,358123355	0,0818071	0,00854701	-1342,33373633	-0,923019340472
45	-54,097311267	0,119658	0,00732601	-1337,93850978	-0,926051526987
45,5	-53,770761706	0,123321	0,00854701	-1332,39639541	-0,929903446352
46	-53,248603079	0,100122	0,00854701	-1323,44459722	-0,936193326567
46,5	-52,987790991	0,0976801	0,00854701	-1318,93207018	-0,939396370754
47	-52,465632364	0,135531	0,00854701	-1309,81573495	-0,945934582201
47,5	-52,204820276	0,130647	0,00854701	-1305,22144664	-0,94926420585
48	-51,682661649	0,108669	0,00854701	-1295,94227675	-0,956061101042
48,5	-51,421849561	0,126984	0,00854701	-1291,26708511	-0,959522638105
49	-50,834487912	0,130647	0,00854701	-1280,64049411	-0,96748463421
49,5	-50,638344395	0,190476	0,00854701	-1277,06181993	-0,970195789008
50	-50,312329285	0,264957	0,00854701	-1271,08052413	-0,974761218095
50,5	-49,85537368	0,264957	0,00854701	-1262,62768313	-0,981286896011
51	-49,52935857	0,241758	0,00854701	-1256,54788102	-0,986034848902
51,5	-49,007199943	0,205128	0,00854701	-1246,7255537	-0,993803324496
52	-48,745853404	0,28083	0,00854701	-1241,77042968	-0,997768967905
52,5	-48,224229228	0,29304	0,00854701	-1231,8033062	-1,00584240501
53	-47,897679667	0,308913	0,00854701	-1225,5116257	-1,01100632097
53,5	-47,440724062	0,306471	0,00854701	-1216,6406101	-1,01837797433
54	-47,114708952	0,308913	0,00854701	-1210,26424754	-1,02374337053
54,5	-46,592550325	0,304029	0,00854701	-1199,97006337	-1,03252575862
55	-46,331738237	0,334554	0,00854701	-1194,79086377	-1,0370015687
55,5	-45,80957961	0,387057	0,00854701	-1184,34756124	-1,04614560839
56	-45,548233071	0,426129	0,00854701	-1179,08357403	-1,05081609759
56,5	-45,287420983	0,351648	0,00732601	-1173,8058948	-1,05554078872
57	-44,700059334	0,399267	0,00854701	-1161,83140382	-1,06641978856
57,5	-44,504450268	0,39072	0,00854701	-1157,81637446	-1,07011787649
58	-43,982291641	0,410256	0,00854701	-1147,0326953	-1,08017845096
58,5	-43,721479553	0,424908	0,00854701	-1141,61064266	-1,08530873285
59	-43,134117904	0,423687	0,00854701	-1129,31346313	-1,09712674155
59,5	-42,872771365	0,42735	0,00854701	-1123,80360494	-1,10250580667
60	-42,285944167	0,389499	0,00854701	-1111,34675619	-1,1148635591
60,5	-42,08980065	0,412698	0,00732601	-1107,15706821	-1,11908240987
61	-41,502439001	0,515263	0,00854701	-1094,53342892	-1,1319891812
61,5	-41,241626913	0,500611	0,00854701	-1088,89107082	-1,13785486281
62	-40,719468286	0,467643	0,00854701	-1077,52710607	-1,14985506446
62,5	-40,458656198	0,487179	0,00854701	-1071,81736641	-1,1559805232
63	-40,197309659	0,468864	0,00854701	-1066,07364918	-1,16220863441
63,5	-39,675151032	0,498168	0,00854701	-1054,53165141	-1,17492917196
64	-39,414338944	0,527473	0,00854701	-1048,73370066	-1,18142479756
64,5	-38,892180317	0,510379	0,00854701	-1037,06073555	-1,19472269804
65	-38,566165207	0,484737	0,00854701	-1029,72886128	-1,20322936123
65,5	-38,109209602	0,500611	0,00854701	-1019,39615822	-1,21542541632
66	-37,783194492	0,52381	0,00854701	-1011,98461742	-1,22432691038
66,5	-37,587050975	0,551893	0,00854701	-1007,50974141	-1,22976478447
67	-36,999689326	0,53602	0,00732601	-994,03908994	-1,24642985627
67,5	-36,738877238	0,525031	0,00732601	-988,02400518	-1,25401811444
68	-36,216718611	0,503053	0,00854701	-975,920111923	-1,26957113073
68,5	-35,955906523	0,532357	0,00854701	-969,843943109	-1,2775251202
69	-35,368544874	0,570208	0,00732601	-956,086715638	-1,29590755706
69,5	-35,107198335	0,559219	0,00854701	-949,933052208	-1,30430244228
70	-34,585574159	0,562882	0,00732601	-937,59193034	-1,32147041789
70,5	-34,389430642	0,599512	0,00854701	-932,931205292	-1,32807220186
71	-33,802068993	0,562882	0,00854701	-918,909255512	-1,34833770861
71,5	-33,606459927	0,639805	0,00854701	-914,218016955	-1,35525659856
72	-33,019098278	0,656899	0,00854701	-900,067667532	-1,37656316819
72,5	-32,75828619	0,724054	0,00732601	-893,753931597	-1,38628760803
73	-32,236127563	0,774115	0,00854701	-881,058000274	-1,40626383236
73,5	-31,975315475	0,810745	0,00854701	-874,689062815	-1,41650336408
74	-31,713968936	0,798535	0,00854701	-868,288894219	-1,42694442858
74,5	-31,191810309	0,825397	0,00854701	-855,447673946	-1,44836445026
75	-30,865795199	0,842491	0,00854701	-847,394030213	-1,46212972457
75,5	-30,343636572	0,85348	0,00854701	-834,437946298	-1,48483180265
76	-30,082824484	0,880342	0,00854701	-827,940514343	-1,49648432289
76,5	-29,560665857	0,943834	0,00854701	-814,880916483	-1,5204675615
77	-29,234116296	0,980464	0,00854701	-806,679188885	-1,5359265704
77,5	-28,777695142	1,03175	0,00854701	-795,171715223	-1,55815401413
78	-28,516348603	1,07326	0,00854701	-788,559775493	-1,57121887079
78,5	-27,994724427	1,11844	0,00854701	-775,314023031	-1,598062157
79	-27,668174866	1,10989	0,00854701	-766,989079953	-1,61540761451
79,5	-27,146016239	1,11966	0,00854701	-753,625689141	-1,64405223688
80	-26,885204151	1,18315	0,00854701	-746,927323555	-1,65879592422
80,5	-26,689595085	1,23321	0,00854701	-741,893384959	-1,67005128381
81	-26,102233436	1,25031	0,00854701	-726,726085415	-1,7049064632
81,5	-25,840886897	1,221	0,00854701	-719,952750212	-1,72094626993
82	-25,253525248	1,21368	0,00854701	-704,675611787	-1,75825582619
82,5	-25,057916182	1,22344	0,00854701	-699,571348669	-1,77108453964
83	-24,470554533	1,25519	0,00732601	-684,195851111	-1,81088499439
83,5	-24,274945467	1,33822	0,00854701	-679,059308672	-1,82458289604
84	-23,817989862	1,42979	0,00854701	-667,029271701	-1,85748969733
84,5	-23,42677173	1,442	0,00854701	-656,696131439	-1,88671737305
85	-23,165425191	1,39072	0,00854701	-649,776167204	-1,90681047188
85,5	-22,643266564	1,37973	0,00854701	-635,91004517	-1,94838878456
86	-22,382454476	1,38584	0,00854701	-628,964229926	-1,96990534763
86,5	-21,860295849	1,35653	0,00854701	-615,019345968	-2,01457077428
87	-21,599483761	1,35043	0,00854701	-608,03483942	-2,03771218304
87,5	-21,077325134	1,33333	0,00854701	-594,013797614	-2,08581013602
88	-20,750775573	1,27473	0,00854701	-585,220116616	-2,11715210196
88,5	-20,294354419	1,18559	0,00732601	-572,8973227	-2,16269120296
89	-19,967804858	1,10256	0,00854701	-564,058542232	-2,19658050935
89,5	-19,641789748	1,04884	0,00732601	-555,215950522	-2,23156413074
90	-19,184834143	0,849817	0,00854701	-542,791635153	-2,28264387245
90,5	-18,924022055	0,615385	0,00854701	-535,684802927	-2,31292729088
91	-18,336660406	0,399267	0,00854701	-519,639446114	-2,38434554818
91,5	-18,140516889	0,178266	0,00732601	-514,269014037	-2,40924490137
92	-17,553689691	0,0512821	0,00854701	-498,165878618	-2,48712337231
92,5	-17,357546174	0,034188	0,00854701	-492,771764811	-2,51434860614
93	-16,770184525	0,030525	0,00732601	-476,58453119	-2,59974866768
93,5	-16,574575459	0,037851	0,00854701	-471,182495035	-2,62955439359
94	-15,98721381	0,00610501	0,00854701	-454,928875981	-2,72350265155
94,5	-15,726401722	0,00732601	0,00854701	-447,696189015	-2,76750178001
95	-15,139040073	0,00732601	0,00854701	-431,374081439	-2,87221706939
95,5	-14,943431007	0,00610501	0,00854701	-425,928182137	-2,90894111252
96	-14,616881446	0,01221	0,00854701	-416,825773924	-2,97246494221
96,5	-14,159925841	0,021978	0,00732601	-404,065697891	-3,06633304056
97	-13,833910731	0,00610501	0,00854701	-394,946261134	-3,13713566105
97,5	-13,311752104	0,00610501	0,00854701	-380,31369505	-3,25783692811
98	-13,050940016	0,035409	0,00854701	-372,992995796	-3,32177819413
98,5	-12,528781389	0,032967	0,00854701	-358,313522374	-3,45786559153
99	-12,202231828	0,00610501	0,00854701	-349,118014715	-3,54894318762
99,5	-11,745810674	0,00610501	0,00854701	-336,246437976	-3,68479739877
100	-11,419261113	0,010989	0,00854701	-327,024240819	-3,78870996504
100,5	-10,897102486	0,013431	0,00854701	-312,255832801	-3,96790025949
101	-10,636290398	0,021978	0,00854701	-304,869398182	-4,06403531279
101,5	-10,114131771	0,031746	0,00854701	-290,062562653	-4,27149229004
102	-9,788116661	0,041514	0,00854701	-280,805468216	-4,41230723844
102,5	-9,526770122	0,00732601	0,00854701	-273,378037528	-4,53218558157
103	-9,004611495	0,00610501	0,00854701	-258,521484646	-4,79263842113
103,5	-8,809002429	0,01221	0,00732601	-252,950385096	-4,89819376844
104	-8,22164078	0,00854701	0,00854701	-236,2044077	-5,24545672989
104,5	-7,960828692	0,00732601	0,00854701	-228,76046031	-5,41614577241
105	-7,373467043	0,042735	0,00854701	-211,979202754	-5,84491300987
105,5	-7,177857977	0,046398	0,00854701	-206,385508195	-6,00332848385
106	-6,590496328	0,020757	0,00854701	-189,574946684	-6,53567373575
106,5	-6,329149789	0,028083	0,00854701	-182,088578575	-6,80438064646
107	-5,807525613	0,014652	0,00854701	-167,135289253	-7,41315616549
107,5	-5,546179074	0,00854701	0,00732601	-159,638037066	-7,76130816173
108	-5,024020447	0,021978	0,00854701	-144,649072679	-8,56555785016
108,5	-4,763208359	0,0573871	0,00854701	-137,157684635	-9,03339833489
109	-4,436658798	0,0708181	0,00854701	-127,774109958	-9,69680008267
109,5	-3,915034622	0,119658	0,00732601	-112,776478692	-10,9863334479
110	-3,653688083	0,0842491	0,00854701	-105,258704044	-11,7709980496
110,5	-3,131529456	0,102564	0,00854701	-90,2321255633	-13,7312513948
111	-2,870717368	0,150183	0,00732601	-82,7236420444	-14,9775804036
111,5	-2,348558741	0,15873	0,00854701	-67,686293854	-18,3050353248
112	-2,087746653	0,225885	0,00732601	-60,173132173	-20,5905851209
112,5	-1,826400114	0,398046	0,00732601	-52,6433240967	-23,5357478134
113	-1,239572916	4,99634	0,00854701	-35,7321484639	-34,6746572278
113,5	-0,978226377	4,99512	0,00854701	-28,1993566584	-43,9371725749
114	-0,45606775	4,99756	0,00854701	-13,147576537	-94,237899777
114,5	-0,195255662	4,99634	0,00732601	-5,62890250527	-220,113956289
115	0,326902965	4,99756	0,00732601	9,42404680084	131,472182406
115,5	0,587715053	4,99634	0,00854701	16,9426027931	73,1292597206
116	1,10987368	3,0989	0,00854701	31,9939102854	38,7261197193
116,5	1,370685768	0,45177	0,00854701	39,5109442178	31,3584001732
117	1,892844395	0,236874	0,00854701	54,5577992043	22,7098603329
117,5	2,219393956	0,161172	0,00854701	63,9656353153	19,3697755661
118	2,741552583	0,0842491	0,00854701	79,0044903734	15,6826528992
118,5	3,002364671	0,025641	0,00854701	86,5138422387	14,3214076261
119	3,263176759	0,0818071	0,00854701	94,021401456	13,1778507958
119,5	3,785335386	0,0744811	0,00854701	109,045893505	11,3621885261
120	4,046681925	0,025641	0,00854701	116,562505746	10,6294900926
120,5	4,633509123	0,019536	0,00854701	133,431224725	9,28568258708
121	4,82965264	0,00732601	0,00732601	139,066460675	8,90940917016
121,5	5,417014289	0,00610501	0,00732601	155,93144876	7,94579932306
122	5,677826377	0,026862	0,00732601	163,415030203	7,58192192275
122,5	6,199985004	0,018315	0,00854701	178,387197024	6,94556571699
123	6,460797092	0,02442	0,00854701	185,860147479	6,66630268406
123,5	6,787346653	0,023199	0,00854701	195,211201073	6,34697186017
124	7,30950528	0,00610501	0,00854701	210,150402	5,89577744419
124,5	7,700723412	0,018315	0,00854701	221,331965205	5,59792616875
125	8,092475995	0,00732601	0,00854701	232,518463435	5,32860909924
125,5	8,353288083	0,00732601	0,00854701	239,959959616	5,16336142906
126	8,87544671	0,00732601	0,00732601	254,843104206	4,86181489533
126,5	9,136258798	0,00610501	0,00732601	262,269210653	4,72415346397
127	9,723620447	0,00610501	0,00854701	278,973032212	4,44128950449
127,5	9,984966986	0,00854701	0,00732601	286,396076651	4,32617658206
128	10,507125613	0,00610501	0,00854701	301,208985963	4,11342309738
128,5	10,767937701	0,010989	0,00854701	308,598568245	4,01492465453
129	11,028749789	0,00610501	0,00854701	315,981756076	3,92111245721
129,5	11,550908416	0,00732601	0,00854701	330,743431923	3,7461061367
130	11,877457977	0,010989	0,00854701	339,961261862	3,64453288947
130,5	12,333879131	0,00610501	0,00854701	352,826532336	3,51164066885
131	12,660428692	0,00732601	0,00854701	362,017383696	3,42248758154
131,5	13,117384297	0,00854701	0,00732601	374,858751046	3,30524496638
132	13,443399407	0,00488401	0,00854701	384,005902146	3,22651290794
132,5	13,965558034	0,00732601	0,00854701	398,630312724	3,10814295966
133	14,226370122	0,00610501	0,00854701	405,922711059	3,05230519565
133,5	14,748528749	0,00610501	0,00854701	420,497023264	2,94651312959
134	15,009340837	0,00976801	0,00854701	427,763717676	2,89645883651
134,5	15,270687376	0,00610501	0,00732601	435,036411823	2,84803746612
135	15,792846003	0,00610501	0,00854701	449,539669194	2,75615276005
135,5	16,118861113	0,00610501	0,00732601	458,576070787	2,70184180756
136	16,64101974	0,00610501	0,00732601	473,018072034	2,61935023893
136,5	16,836628806	0,032967	0,00854701	478,418228382	2,5897842651
137	17,163178367	0,133089	0,00854701	487,420787591	2,54195149559
137,5	17,685336994	0,380952	0,00854701	501,783021267	2,46919474651
138	18,011352104	0,732601	0,00854701	510,72917224	2,42594327355
138,5	18,468307709	1,14164	0,00854701	523,240552942	2,36793572867
139	18,729119797	1,52991	0,00854701	530,366683619	2,33611959097
139,5	19,251278424	1,83394	0,00854701	544,600374304	2,2750627037
140	19,577293534	1,99756	0,00854701	553,464464164	2,23862610921
140,5	20,099452161	2,13553	0,00854701	567,624085881	2,18278263875
141	20,3607987	2,23077	0,00732601	574,693513825	2,15593176222
141,5	20,882422876	2,1978	0,00854701	588,76756119	2,10439582897
142	21,143769415	2,17705	0,00854701	595,800728148	2,07955435679
142,5	21,404581503	2,15873	0,00732601	602,807154251	2,05538370151
143	21,991943152	2,16606	0,00854701	618,540009313	2,00310405365
143,5	22,187552218	2,21001	0,00854701	623,765175293	1,98632441995
144	22,774913867	2,31868	0,00732601	639,411014279	1,93772076541
144,5	23,036260406	2,40537	0,00854701	646,351126046	1,91691473887
145	23,623622055	2,45543	0,00854701	661,899343727	1,87188582636
145,5	23,819231121	2,38217	0,00854701	667,062007508	1,85739854175
146	24,276186726	2,35531	0,00854701	679,091928188	1,82449525399
146,5	24,667404858	2,38462	0,00854701	689,356937185	1,79732723814
147	24,928751397	2,39072	0,00854701	696,196422828	1,77967016114
147,5	25,450375573	2,44933	0,00854701	709,803972729	1,74555236037
148	25,711722112	2,45299	0,00854701	716,599638289	1,72899891906
148,5	26,233880739	2,47009	0,00854701	730,132279382	1,69695277827
149	26,559895849	2,48107	0,00854701	738,550844157	1,67760961862
149,5	27,016851454	2,44322	0,00854701	750,310328427	1,65131673263
150	27,342866564	2,41514	0,00854701	758,671008783	1,63311894834
150,5	27,669416125	2,38828	0,00854701	767,020771529	1,61534086949
151	28,12637173	2,33578	0,00854701	778,663086601	1,59118882264
151,5	28,387183818	2,29304	0,00854701	785,285902873	1,57776931366
152	28,909342445	2,22711	0,00854701	798,496070378	1,55166699745
152,5	29,170154533	2,16484	0,00854701	805,069626682	1,53899732264
153	29,757516182	2,13553	0,00854701	819,812304297	1,51132154702
153,5	30,01832827	2,07082	0,00854701	826,331113586	1,49939894508
154	30,540486897	2,02564	0,00854701	839,33050033	1,47617654727
154,5	30,801833436	1,98901	0,00854701	845,810737076	1,46486671981
155	31,323457612	1,90476	0,00732601	858,691959187	1,44289228139
155,5	31,584804151	1,87912	0,00854701	865,119072584	1,43217279478
156	31,845616239	1,84249	0,00732601	871,515098244	1,4216621175
156,5	32,367774866	1,76068	0,00854701	884,265855138	1,4011623233
157	32,694324427	1,69353	0,00854701	892,202713197	1,38869786168
157,5	33,215948603	1,55189	0,00854701	904,820674549	1,36933210619
158	33,477295142	1,42979	0,00854701	911,114448797	1,35987306714
158,5	33,933716296	1,37241	0,00854701	922,060490289	1,34372962842
159	34,260265857	1,29426	0,00732601	929,856042235	1,33246432106
159,5	34,521077945	1,30647	0,00854701	936,060593377	1,32363226138
160	35,108439594	1,31136	0,00732601	949,962325695	1,30426224966
160,5	35,304583111	1,2735	0,00854701	954,582506061	1,29794961895
161	35,891410309	1,24542	0,00854701	968,338263371	1,27951155796
161,5	36,087553826	1,30525	0,00732601	972,913464953	1,27349455489
162	36,674915475	1,24786	0,00854701	986,545730205	1,25589717949
162,5	36,935727563	1,24542	0,00854701	992,565847278	1,24827990344
163	37,45788619	1,23687	0,00854701	1004,55648685	1,2333801197
163,5	37,718698278	1,18926	0,00854701	1010,51448794	1,22610810116
164	38,240856905	1,20391	0,00854701	1022,3796519	1,21187857925
164,5	38,501668993	1,17705	0,00854701	1028,2744244	1,20493126212
165	38,828218554	1,11722	0,00854701	1035,62491589	1,19637909535
165,5	39,350377181	1,10501	0,00854701	1047,30848389	1,18303252485
166	39,611189269	1,07937	0,00854701	1053,11177505	1,17651329076
166,5	40,133347896	1,07448	0,00854701	1064,66455286	1,16374683149
167	40,459363006	1,03907	0,00732601	1071,83287003	1,15596380242
167,5	40,916318611	1,01221	0,00854701	1081,82180562	1,14529028124
168	41,242868172	0,969475	0,00854701	1088,9179775	1,13782674691
168,5	41,764492348	0,935287	0,00854701	1100,17979807	1,12617955918
169	42,025838887	0,932845	0,00854701	1105,78801674	1,12046792083
169,5	42,286650975	0,896215	0,00854701	1111,36183031	1,11484843748
170	42,808809602	0,886447	0,00854701	1122,45156034	1,10383382569
170,5	43,06962169	0,929182	0,00854701	1127,95589618	1,09844720365
171	43,591780317	0,894994	0,00854701	1138,90549653	1,08788657511
171,5	43,853126856	0,831502	0,00854701	1144,35043735	1,08271029535
172	44,440488505	0,849817	0,00854701	1156,50057908	1,07133539093
172,5	44,636097571	0,786325	0,00854701	1160,52002628	1,06762483364
173	45,22345922	0,782662	0,00854701	1172,50787453	1,05670932104
173,5	45,484271308	0,738706	0,00854701	1177,79152873	1,05196884998
174	45,745617847	0,709402	0,00854701	1183,06153002	1,04728280699
174,5	46,267242023	0,710623	0,00854701	1193,5062774	1,03811770701
175	46,528588562	0,691087	0,00854701	1198,70220943	1,03361784958
175,5	47,050747189	0,669109	0,00854701	1209,00864772	1,02480656555
176	47,311559277	0,667888	0,00854701	1214,11904233	1,02049301329
176,5	47,637574387	0,653236	0,00854701	1220,47164524	1,01518130703
177	48,159733014	0,59707	0,00854701	1230,56381224	1,00685554676
177,5	48,355876531	0,587302	0,00732601	1234,3284695	1,0037846737
178	48,942703729	0,538462	0,00854701	1245,5051139	0,994777127907
178,5	49,204050268	0,492063	0,00854701	1250,44070958	0,990850658102
179	49,726208895	0,461538	0,00854701	1260,22378906	0,983158714155
179,5	49,987020983	0,431013	0,00854701	1265,07117645	0,979391533899
180	50,50917961	0,365079	0,00854701	1274,69700941	0,971995690626
180,5	50,769991698	0,350427	0,00854701	1279,46540304	0,968373194817
181	51,357353347	0,334554	0,00854701	1290,10682695	0,960385585221
181,5	51,552962413	0,316239	0,00854701	1293,62070134	0,957776880591
182	51,879511974	0,328449	0,00854701	1299,4531435	0,95347801204
182,5	52,401670601	0,29304	0,00854701	1308,69153623	0,946747163635
183	52,662482689	0,273504	0,00854701	1313,2653487	0,943449852863
183,5	53,184641316	0,272283	0,00854701	1322,3404759	0,936975024646
184	53,445453404	0,202686	0,00854701	1326,83231379	0,93380300368
184,5	53,902409009	0,163614	0,00854701	1334,6358964	0,928343080941
185	54,22895857	0,181929	0,00854701	1340,16051168	0,924516122659
185,5	54,489770658	0,159951	0,00854701	1344,54170999	0,921503580583
186	55,077132307	0,161172	0,00854701	1354,30622546	0,914859561824
186,5	55,337944395	0,0927961	0,00854701	1358,5964917	0,911970557532
187	55,8601564671	0,0708181	0,00732601	1367,1019933	0,906296681647
187,5	56,1211823355	0,0647131	0,00854701	1371,31091252	0,903515015219
188	56,6432340723	0,014652	0,00732601	1379,64327986	0,898058228591
188,5	56,9042599407	0,039072	0,00854701	1383,76655503	0,895382241674
189	57,4915681446	0,01221	0,00854701	1392,93878739	0,889486322883
189,5	57,6873375459	0,00854701	0,00854701	1395,96372143	0,887558882066
190	58,2746457498	0,00976801	0,00732601	1404,9405989	0,881887818582
190,5	58,5356716182	0,00610501	0,00854701	1408,88299398	0,879420083354
191	58,7966974866	0,013431	0,00854701	1412,7961478	0,876984271176
191,5	59,3187492234	0,00610501	0,00854701	1420,53440743	0,872206962058
192	59,6450315589	0,019536	0,00854701	1425,31097287	0,869283983345
192,5	60,1018268286	0,00610501	0,00854701	1431,92047683	0,865271514757
193	60,4281091641	0,00732601	0,00854701	1436,58585169	0,862461507986
193,5	60,9501609009	0,015873	0,00854701	1443,95348645	0,858060880511
194	61,2111867693	0,00610501	0,00854701	1447,59238819	0,855903920265
194,5	61,7332385061	0,00732601	0,00854701	1454,77998278	0,85167517746
195	61,9942643745	0,020757	0,00854701	1458,32852645	0,849602800418
195,5	62,5163161113	0,00976801	0,00854701	1465,33473828	0,845540590578
196	62,8425984468	0,034188	0,00854701	1469,65188128	0,843056791735
196,5	63,2993937165	0,013431	0,00854701	1475,61578141	0,839649464047
197	63,625676052	0,025641	0,00854701	1479,81830785	0,837264948964
197,5	64,1477277888	0,010989	0,00732601	1486,44247523	0,833533769819
198	64,4087536572	0,017094	0,00854701	1489,70831664	0,831706439549
198,5	64,6697795256	0,039072	0,00854701	1492,94323927	0,829904290672
199	65,1918312624	0,017094	0,00854701	1499,32006028	0,826374589941
199,5	65,4528571308	0,00610501	0,00854701	1502,4618263	0,824646575581
200	66,0401653347	0,015873	0,00854701	1509,41668698	0,820846894491
200,5	66,235934736	0,00610501	0,00854701	1511,69976593	0,819607191803
201	66,8232429399	0,00610501	0,00854701	1518,44300577	0,815967405621
201,5	67,0842688083	0,00976801	0,00854701	1521,38883098	0,814387469378
202	67,6063205451	0,00610501	0,00732601	1527,185692	0,811296233648
202,5	67,8673464135	0,00732601	0,00732601	1530,0366075	0,809784546284
203	68,3241416832	0,00732601	0,00854701	1534,94926203	0,807192804772
203,5	68,6504240187	0,00488401	0,00854701	1538,39858587	0,805382955612
204	68,9114498871	0,00610501	0,00854701	1541,12212979	0,803959644762
204,5	69,4335016239	0,00610501	0,00854701	1546,47320416	0,801177800347
205	69,7597839594	0,00610501	0,00854701	1549,75245684	0,799482520277
205,5	70,2165792291	0,00610501	0,00854701	1554,25895407	0,797164460113
206	70,4776050975	0,00610501	0,00854701	1556,78975815	0,795868545197
206,5	70,9996568343	0,00854701	0,00854701	1561,75438131	0,793338577964
207	71,2606827027	0,00610501	0,00854701	1564,18809735	0,792104224611
207,5	71,8479909066	0,00854701	0,00854701	1569,54518389	0,789400657414
208	72,109016775	0,013431	0,00854701	1571,87320878	0,788231514525
208,5	72,6310685118	0,00610501	0,00854701	1576,43133862	0,785952403789
209	72,8920943802	0,00976801	0,00854701	1578,66134896	0,78484217075
209,5	73,1531202486	0,00610501	0,00854701	1580,85859431	0,783751313658
210	73,7404284525	0,00488401	0,00854701	1585,68236424	0,781367080787
210,5	74,0014543209	0,00610501	0,00854701	1587,77281194	0,780338339767
211	74,5235060577	0,00610501	0,00854701	1591,85480235	0,778337319565
211,5	74,719275459	0,00732601	0,00854701	1593,3514955	0,777606198944
212	75,3065836629	0,00610501	0,00854701	1597,7298952	0,775475256314
212,5	75,5676095313	0,00610501	0,00854701	1599,62199147	0,774557993454
213	75,9591483339	0,00610501	0,00854701	1602,39787375	0,773216203228
213,5	76,3506871365	0,00610501	0,00854701	1605,09892649	0,771915038725
214	76,6117130049	0,010989	0,00854701	1606,85799393	0,771070004122
214,5	77,1337647417	0,00732601	0,00854701	1610,27604235	0,769433294303
215	77,4600470772	0,00488401	0,00854701	1612,3444538	0,768446219467
215,5	77,982098814	0,00732601	0,00854701	1615,54512669	0,766923795275
216	78,2431246824	0,00610501	0,00854701	1617,0951838	0,766188664965
216,5	78,7651764192	0,00610501	0,00854701	1620,09457851	0,76477016616
217	79,0262022876	0,00610501	0,00854701	1621,54385384	0,764086643147
217,5	79,5482540244	0,00610501	0,00854701	1624,3414101	0,762770678811
218	79,8092798928	0,00610501	0,00854701	1625,68963295	0,762138095052
218,5	80,2660751625	0,00610501	0,00854701	1627,96781707	0,76107155621
219	80,6576139651	0,00488401	0,00854701	1629,83819284	0,760198162887
219,5	80,9186398335	0,00732601	0,00854701	1631,0428314	0,759636703675
220	81,4406915703	0,00610501	0,00854701	1633,35052773	0,758563443035
220,5	81,7017174387	0,00610501	0,00854701	1634,4535376	0,758051527006
221	82,2237691755	0,00610501	0,00854701	1636,5577663	0,757076850886
221,5	82,4847950439	0,00610501	0,00854701	1637,55894144	0,756613987224
222	82,7458743574	0,00610501	0,00854701	1638,52632373	0,756167284012
222,5	83,2679260942	0,00610501	0,00732601	1640,35864347	0,755322627115
223	83,5942084297	0,00488401	0,00732601	1641,43469791	0,754827469884
223,5	84,1162601665	0,00610501	0,00854701	1643,04565073	0,754087386099
224	84,3772860349	0,00732601	0,00854701	1643,7999834	0,753741338674
Vernier Format 2
lampe_vor_neueinstellung.cmbl 21.10.2014 11:38:30 ,
Latest 2
Time	Winkel	Pyro	Sample	Wellenlänge	Energie
t	Pot	Pot	Pot	Lambda	E
s	°	V	V	nm	eV

 	 	 	 	 	 
