Vernier Format 2
lampe_vor_neueinstellung.cmbl 21.10.2014 11:11:31 ,
Latest
Time	Winkel	Pyro	Sample	Wellenlänge	Energie
t	Pot	Pot	Pot	Lambda	E
s	°	V	V	nm	eV

0	80,6576139651	0,00610501	0,00854701	1629,83819284	0,760198162887
0,5	80,3313316296	0,00610501	0,00854701	1628,28482819	0,760923383029
1	79,8092798928	0,00610501	0,00732601	1625,68963295	0,762138095052
1,5	79,5482540244	0,00610501	0,00732601	1624,3414101	0,762770678811
2	79,0262022876	0,00610501	0,00976801	1621,54385384	0,764086643147
2,5	78,7651764192	0,00610501	0,014652	1620,09457851	0,76477016616
3	78,2431246824	0,00610501	0,00976801	1617,0951838	0,766188664965
3,5	77,982098814	0,00610501	0,00854701	1615,54512669	0,766923795275
4	77,4600470772	0,00610501	0,00976801	1612,3444538	0,768446219467
4,5	77,1337647417	0,00610501	0,010989	1610,27604235	0,769433294303
5	76,6117130049	0,00610501	0,00732601	1606,85799393	0,771070004122
5,5	76,2854306694	0,00610501	0,00610501	1604,65395293	0,77212909222
6	75,8286353997	0,00610501	0,00732601	1601,48088772	0,773658936239
6,5	75,3065836629	0,00610501	0,00976801	1597,7298952	0,775475256314
7	75,0455577945	0,00610501	0,00854701	1595,80463817	0,776410827721
7,5	74,5235060577	0,00610501	0,00854701	1591,85480235	0,778337319565
8	74,1319672551	0,00610501	0,00854701	1588,80568069	0,779831048602
8,5	73,6751719854	0,00610501	0,01221	1585,1546083	0,781627226461
9	73,1531202486	0,00610501	0,013431	1580,85859431	0,783751313658
9,5	72,8920943802	0,00610501	0,00854701	1578,66134896	0,78484217075
10	72,3700426434	0,00610501	0,00732601	1574,16860958	0,787082141305
10,5	72,109016775	0,00610501	0,00854701	1571,87320878	0,788231514525
11	71,5869650382	0,00610501	0,00976801	1567,1845832	0,790589706713
11,5	71,3259391698	0,00610501	0,00854701	1564,79145573	0,791798801984
12	70,7386309659	0,00610501	0,00732601	1559,28825119	0,794593301821
12,5	70,4776050975	0,00610501	0,00610501	1556,78975815	0,795868545197
13	69,9555533607	0,00610501	0,00854701	1551,69589147	0,798481201639
13,5	69,6945274923	0,00610501	0,010989	1549,10062354	0,799818927944
14	69,1724757555	0,00610501	0,00854701	1543,81368784	0,802557983364
14,5	68,9114498871	0,00610501	0,00732601	1541,12212979	0,803959644762
15	68,3893981503	0,00610501	0,00854701	1535,64311262	0,806828090343
15,5	67,8020899464	0,00610501	0,010989	1529,32685343	0,810160363838
16	67,6063205451	0,00610501	0,01221	1527,185692	0,811296233648
16,5	67,0190123412	0,00610501	0,00854701	1520,65533258	0,814780294691
17	66,8232429399	0,00610501	0,00732601	1518,44300577	0,815967405621
17,5	66,235934736	0,00610501	0,00976801	1511,69976593	0,819607191803
18	66,0401653347	0,00610501	0,00854701	1509,41668698	0,820846894491
18,5	65,5181135979	0,00610501	0,00732601	1503,24239792	0,824218370712
19	65,1918312624	0,00610501	0,00732601	1499,32006028	0,826374589941
19,5	64,6045230585	0,00610501	0,00732601	1492,13741093	0,830352480223
20	64,1477277888	0,00610501	0,010989	1486,44247523	0,833533769819
20,5	63,8867019204	0,00610501	0,010989	1483,14578283	0,83538652393
21	63,3646501836	0,00610501	0,00854701	1476,46011936	0,839169296719
21,5	63,1036243152	0,00610501	0,00854701	1473,07128706	0,841099823805
22	62,5815725784	0,00610501	0,00976801	1466,20197299	0,845040467017
22,5	62,2552902429	0,00610501	0,01221	1461,84680262	0,847558032605
23	61,7332385061	0,00610501	0,00976801	1454,77998278	0,85167517746
23,5	61,4722126377	0,00610501	0,00732601	1451,20124527	0,853775452604
24	60,9501609009	0,00610501	0,00732601	1443,95348645	0,858060880511
24,5	60,362852697	0,00610501	0,00732601	1435,65649892	0,863019810748
25	60,1670832957	0,00610501	0,00854701	1432,85727159	0,864705804667
25,5	59,5797750918	0,00610501	0,00732601	1424,35935262	0,869864755494
26	59,3840056905	0,00610501	0,00732601	1421,49341087	0,871618531977
26,5	58,7966974866	0,00610501	0,00732601	1412,7961478	0,876984271176
27	58,5356716182	0,00610501	0,00854701	1408,88299398	0,879420083354
27,5	57,9483634143	0,00610501	0,01221	1399,97160925	0,885017947377
28	57,752594013	0,00610501	0,00976801	1396,96841288	0,886920554954
28,5	57,1652858091	0,00488401	0,00854701	1387,86111024	0,892740628623
29	56,9042599407	0,00610501	0,00732601	1383,76655503	0,895382241674
29,5	56,3822082039	0,00610501	0,00854701	1375,4913703	0,900769010081
30	55,8601564671	0,00610501	0,01221	1367,1019933	0,906296681647
30,5	55,599290934	0,00610501	0,01221	1362,86731143	0,909112713767
31	55,011929285	0,00610501	0,01221	1353,22927065	0,915587644218
31,5	54,750582746	0,00610501	0,00854701	1348,89504813	0,918529578498
32	54,22895857	0,00610501	0,00732601	1340,16051168	0,924516122659
32,5	53,967612031	0,00610501	0,00732601	1335,74248077	0,927574003101
33	53,445453404	0,00610501	0,00854701	1326,83231379	0,93380300368
33,5	53,184641316	0,00610501	0,00976801	1322,3404759	0,936975024646
34	52,662482689	0,00610501	0,00732601	1313,2653487	0,943449852863
34,5	52,205527084	0,00610501	0,00732601	1305,23393388	0,949255124191
35	51,879511974	0,00610501	0,00732601	1299,4531435	0,95347801204
35,5	51,292150325	0,00610501	0,00976801	1288,93219193	0,961260807789
36	51,096541259	0,00610501	0,010989	1285,39827749	0,963903578915
36,5	50,50917961	0,00610501	0,00732601	1274,69700941	0,971995690626
37	50,247833071	0,00610501	0,00976801	1269,89235039	0,975673252636
37,5	49,726208895	0,00610501	0,01221	1260,22378906	0,983158714155
38	49,464862356	0,00610501	0,010989	1255,34027522	0,986983389646
38,5	48,877500707	0,00610501	0,00732601	1244,26969516	0,995764828813
39	48,421079553	0,00610501	0,00732601	1235,57673451	1,00277058106
39,5	48,094529992	0,00610501	0,00854701	1229,30914978	1,00788316773
40	47,572371365	0,00610501	0,00854701	1219,20427925	1,0162365906
40,5	47,311559277	0,00610501	0,00732601	1214,11904233	1,02049301329
41	46,78940065	0,00610501	0,00732601	1203,86265222	1,02918717323
41,5	46,528588562	0,00610501	0,00732601	1198,70220943	1,03361784958
42	46,006429935	0,00610501	0,00976801	1188,29621501	1,04266931456
42,5	45,679880374	0,00610501	0,00976801	1181,73825961	1,04845551874
43	45,158256198	0,00610501	0,00854701	1171,18316052	1,05790455478
43,5	44,636097571	0,00610501	0,00854701	1160,52002628	1,06762483364
44	44,374751032	0,00610501	0,01221	1155,1467527	1,0725909908
44,5	43,853126856	0,00610501	0,013431	1144,35043735	1,08271029535
45	43,591780317	0,00610501	0,00854701	1138,90549653	1,08788657511
45,5	43,06962169	0,00610501	0,00732601	1127,95589618	1,09844720365
46	42,808809602	0,00610501	0,00854701	1122,45156034	1,10383382569
46,5	42,221447953	0,00610501	0,00854701	1109,97053133	1,1162458507
47	42,025838887	0,00610501	0,00732601	1105,78801674	1,12046792083
47,5	41,438477238	0,00610501	0,00732601	1093,15178705	1,13341990991
48	41,242868172	0,00610501	0,00732601	1088,9179775	1,13782674691
48,5	40,655506523	0,00610501	0,010989	1076,12890683	1,15134905506
49	40,133347896	0,00610501	0,00854701	1064,66455286	1,16374683149
49,5	39,872535808	0,00610501	0,00854701	1058,90506952	1,17007655895
50	39,350377181	0,00610501	0,00976801	1047,30848389	1,18303252485
50,5	39,089030642	0,00610501	0,014652	1041,47153287	1,18966285769
51	38,567406466	0,00610501	0,01221	1029,75683979	1,20319666947
51,5	37,980044817	0,00610501	0,00854701	1016,46369474	1,21893187765
52	37,718698278	0,00610501	0,00732601	1010,51448794	1,22610810116
52,5	37,196539651	0,00610501	0,00976801	998,565397455	1,24078002618
53	36,935727563	0,00610501	0,00854701	992,565847278	1,24827990344
53,5	36,413568936	0,00610501	0,00732601	980,492771881	1,26365031496
54	36,152756848	0,00610501	0,00732601	974,431854164	1,27151015713
54,5	35,565395199	0,00610501	0,00732601	960,708624311	1,28967302744
55	35,304583111	0,00610501	0,00976801	954,582506061	1,29794961895
55,5	34,782424484	0,00610501	0,00976801	942,258402961	1,31492592277
56	34,521077945	0,00610501	0,00854701	936,060593377	1,32363226138
56,5	33,999453769	0,00610501	0,010989	923,632223604	1,34144302065
57	33,477295142	0,00610501	0,013431	911,114448797	1,35987306714
57,5	33,150745581	0,00610501	0,01221	903,247509256	1,37171704024
58	32,694324427	0,00610501	0,00854701	892,202713197	1,38869786168
58,5	32,367774866	0,00610501	0,00732601	884,265855138	1,4011623233
59	31,845616239	0,00610501	0,00976801	871,515098244	1,4216621175
59,5	31,323457612	0,00610501	0,00854701	858,691959187	1,44289228139
60	31,062645524	0,00610501	0,00854701	852,260177947	1,45378140627
60,5	30,475283875	0,00610501	0,00732601	837,711026973	1,4790303101
61	30,279674809	0,00610501	0,00854701	832,846105976	1,48766980011
61,5	29,69231316	0,00610501	0,00976801	818,179942428	1,51433680508
62	29,431501072	0,00610501	0,00854701	811,639920186	1,52653900971
62,5	28,909342445	0,00610501	0,00854701	798,496070378	1,55166699745
63	28,647995906	0,00610501	0,01221	791,892447285	1,5646064112
63,5	28,12637173	0,00610501	0,013431	778,663086601	1,59118882264
64	27,865025191	0,00610501	0,00854701	772,01051482	1,60490042067
64,5	27,277663542	0,00610501	0,00732601	757,000829106	1,63672211755
65	26,821242388	0,00732601	0,00854701	745,282242517	1,66245742796
65,5	26,494692827	0,00610501	0,00854701	736,869035423	1,68143854666
66	25,9725342	0,00610501	0,00732601	723,366543048	1,71282458652
66,5	25,711722112	0,00610501	0,00732601	716,599638289	1,72899891906
67	25,189563485	0,00610501	0,00732601	703,007481266	1,76242790158
67,5	24,928751397	0,00610501	0,00976801	696,196422828	1,77967016114
68	24,40659277	0,00610501	0,00854701	682,517139365	1,81533902746
68,5	23,819231121	0,00610501	0,00732601	667,062007508	1,85739854175
69	23,558419033	0,00610501	0,00976801	660,176738427	1,87677015545
69,5	23,036260406	0,00610501	0,014652	646,351126046	1,91691473887
70	22,774913867	0,00610501	0,010989	639,411014279	1,93772076541
70,5	22,187552218	0,00610501	0,00732601	623,765175293	1,98632441995
71	21,991943152	0,00610501	0,00854701	618,540009313	2,00310405365
71,5	21,404581503	0,00610501	0,00854701	602,807154251	2,05538370151
72	21,143769415	0,00610501	0,00732601	595,800728148	2,07955435679
72,5	20,621610788	0,00610501	0,00732601	581,736564571	2,12983002179
73	20,099452161	0,00610501	0,00732601	567,624085881	2,18278263875
73,5	19,838640073	0,00610501	0,00976801	560,55734099	2,21030019482
74	19,316481446	0,00610501	0,00854701	546,374612045	2,26767491147
74,5	19,055669358	0,00610501	0,00732601	539,273438531	2,29753574249
75	18,533510731	0,00610501	0,00976801	525,023107824	2,3598961294
75,5	18,20696117	0,00610501	0,013431	516,088944256	2,40074896738
76	17,750540016	0,00610501	0,00976801	503,573560413	2,46041511588
76,5	17,423990455	0,00610501	0,00732601	494,599689094	2,50505616425
77	16,901831828	0,00610501	0,00854701	480,217044444	2,58008334842
77,5	16,445410674	0,00610501	0,00732601	467,612402406	2,64963032123
78	16,118861113	0,00610501	0,00732601	458,576070787	2,70184180756
78,5	15,531499464	0,00610501	0,00732601	442,28520989	2,8013597839
79	15,270687376	0,00610501	0,00854701	435,036411823	2,84803746612
79,5	14,748528749	0,00610501	0,00732601	420,497023264	2,94651312959
80	14,487716661	0,00610501	0,00854701	413,221615759	2,99839106365
80,5	13,965558034	0,00610501	0,010989	398,630312724	3,10814295966
81	13,704211495	0,00610501	0,00732601	391,314685653	3,16624968453
81,5	13,117384297	0,00610501	0,00732601	374,858751046	3,30524496638
82	12,660428692	0,00610501	0,00976801	362,017383696	3,42248758154
82,5	12,333879131	0,00610501	0,00732601	352,826532336	3,51164066885
83	11,812254955	0,00610501	0,00854701	338,121585948	3,66436232258
83,5	11,550908416	0,00610501	0,014652	330,743431923	3,7461061367
84	11,028749789	0,00610501	0,01221	315,981756076	3,92111245721
84,5	10,767937701	0,00610501	0,00854701	308,598568245	4,01492465453
85	10,245779074	0,00610501	0,01221	293,798000669	4,21718322514
85,5	9,919763964	0,00610501	0,00732601	284,544662403	4,35432522099
86	9,462808359	0,00610501	0,00732601	271,559381213	4,56253801458
86,5	8,87544671	0,00610501	0,00732601	254,843104206	4,86181489533
87	8,614634622	0,00610501	0,00854701	247,41171717	5,00784689655
87,5	8,092475995	0,00610501	0,00732601	232,518463435	5,32860909924
88	7,831129456	0,00610501	0,00976801	225,056885571	5,50527479688
88,5	7,30950528	0,00610501	0,013431	210,150402	5,89577744419
89	7,048158741	0,00610501	0,010989	202,675260257	6,11322762545
89,5	6,460797092	0,00610501	0,00854701	185,860147479	6,66630268406
90	6,199985004	0,00610501	0,00854701	178,387197024	6,94556571699
90,5	5,677826377	0,00610501	0,00732601	163,415030203	7,58192192275
91	5,15566775	0,00610501	0,00732601	148,429291231	8,34740898997
91,5	4,82965264	0,00610501	0,00732601	139,066460675	8,90940917016
92	4,307494013	0,00610501	0,010989	124,061328939	9,98699603333
92,5	4,046681925	0,00610501	0,00854701	116,562505746	10,6294900926
93	3,524523298	0,00610501	0,00854701	101,542390705	12,2018005623
93,5	3,132770715	0,00610501	0,013431	90,267855652	13,7258162504
94	2,741552583	0,00610501	0,00854701	79,0044903734	15,6826528992
94,5	2,219393956	0,00610501	0,00732601	63,9656353153	19,3697755661
95	1,958047417	0,00610501	0,010989	56,4364383041	21,9539013664
95,5	1,370685768	0,00610501	0,00732601	39,5109442178	31,3584001732
96	1,10987368	0,00610501	0,00732601	31,9939102854	38,7261197193
96,5	0,587715053	0,00610501	0,013431	16,9426027931	73,1292597206
97	0,326902965	0,00610501	0,01221	9,42404680084	131,472182406
97,5	-0,260458684	0,00610501	0,00854701	-7,5085880336	-165,011050607
98	-0,521270772	0,00610501	0,013431	-15,0272085633	-82,4504427941
98,5	-0,978226377	0,00610501	0,010989	-28,1993566584	-43,9371725749
99	-1,239572916	0,00610501	0,00732601	-35,7321484639	-34,6746572278
99,5	-1,826400114	0,00610501	0,00732601	-52,6433240967	-23,5357478134
100	-2,218152697	0,00610501	0,00976801	-63,9298785996	-19,3806093041
100,5	-2,60990528	0,00610501	0,00732601	-75,2134444139	-16,473118731
101	-3,131529456	0,00610501	0,00732601	-90,2321255633	-13,7312513948
101,5	-3,392875995	0,00610501	0,00976801	-97,7541197672	-12,6746576303
102	-3,980237644	0,00610501	0,010989	-114,651719281	-10,8066412591
102,5	-4,371455776	0,00610501	0,00854701	-125,899959725	-9,84114691308
103	-4,698005337	0,00610501	0,01221	-135,284387491	-9,15848475184
103,5	-5,285366986	0,00610501	0,00976801	-152,152805337	-8,14312951546
104	-5,546179074	0,00610501	0,00732601	-159,638037066	-7,76130816173
104,5	-6,133540723	0,00610501	0,00732601	-176,482797144	-7,02051429403
105	-6,329149789	0,00610501	0,00854701	-182,088578575	-6,80438064646
105,5	-6,916511438	0,00610501	0,00732601	-198,908222865	-6,22900341752
106	-7,177857977	0,00610501	0,00732601	-206,385508195	-6,00332848385
106,5	-7,699482153	0,00610501	0,010989	-221,296504323	-5,59882318878
107	-7,960828692	0,00610501	0,00976801	-228,76046031	-5,41614577241
107,5	-8,548190341	0,00610501	0,00854701	-245,517677389	-5,0464798021
108	-8,743799407	0,00488401	0,010989	-251,092693533	-4,93443270916
108,5	-9,331161056	0,00610501	0,010989	-267,815126015	-4,62632569877
109	-9,788116661	0,00610501	0,00732601	-280,805468216	-4,41230723844
109,5	-10,114131771	0,00610501	0,00976801	-290,062562653	-4,27149229004
110	-10,636290398	0,00610501	0,00854701	-304,869398182	-4,06403531279
110,5	-10,962305508	0,00610501	0,00732601	-314,101436457	-3,94458558985
111	-11,419261113	0,00610501	0,00976801	-327,024240819	-3,78870996504
111,5	-11,745810674	0,00610501	0,00854701	-336,246437976	-3,68479739877
112	-12,26743485	0,00610501	0,00732601	-350,955021919	-3,5303669206
112,5	-12,528781389	0,00610501	0,013431	-358,313522374	-3,45786559153
113	-13,050940016	0,00610501	0,00854701	-372,992995796	-3,32177819413
113,5	-13,311752104	0,00610501	0,00732601	-380,31369505	-3,25783692811
114	-13,833910731	0,00610501	0,00976801	-394,946261134	-3,13713566105
114,5	-14,42127238	0,00610501	0,00732601	-411,36676419	-3,01191080042
115	-14,682084468	0,00610501	0,00732601	-418,644367348	-2,95955253823
115,5	-15,204243095	0,00610501	0,010989	-433,188267028	-2,86018826987
116	-15,399852161	0,00610501	0,00732601	-438,627448373	-2,82472062475
116,5	-15,98721381	0,00610501	0,010989	-454,928875981	-2,72350265155
117	-16,509372437	0,00610501	0,013431	-469,380592786	-2,63964897365
117,5	-16,835387547	0,00732601	0,00854701	-478,383978605	-2,58996968003
118	-17,357546174	0,00610501	0,00854701	-492,771764811	-2,51434860614
118,5	-17,618892713	0,00610501	0,00976801	-499,957727428	-2,47820952058
119	-18,075313867	0,00610501	0,00732601	-512,482409936	-2,41764395417
119,5	-18,46706645	0,00610501	0,00732601	-523,206612164	-2,36808933831
120	-18,924022055	0,00610501	0,00976801	-535,684802927	-2,31292729088
120,5	-19,184834143	0,00610501	0,00854701	-542,791635153	-2,28264387245
121	-19,70699277	0,00610501	0,00854701	-556,985916107	-2,22447276344
121,5	-20,03300788	0,00610501	0,00854701	-565,82487826	-2,18972344201
122	-20,489963485	0,00610501	0,010989	-578,18301734	-2,14292008385
122,5	-21,077325134	0,00610501	0,01221	-594,013797614	-2,08581013602
123	-21,338137222	0,00610501	0,00854701	-601,023382652	-2,06148385531
123,5	-21,860295849	0,00610501	0,00976801	-615,019345968	-2,01457077428
124	-22,121642388	0,00610501	0,00976801	-622,005381954	-1,99194417918
124,5	-22,708469586	0,00610501	0,00732601	-637,644445744	-1,9430891436
125	-22,904613103	0,00610501	0,00732601	-642,85687636	-1,92733413231
125,5	-23,491974752	0,00610501	0,00732601	-658,420460656	-1,88177627221
126	-23,883192884	0,00610501	0,00854701	-668,748451294	-1,85271457093
126,5	-24,274945467	0,00610501	0,00732601	-679,059308672	-1,82458289604
127	-24,797104094	0,00732601	0,00976801	-692,752990995	-1,78851627652
127,5	-25,057916182	0,00610501	0,014652	-699,571348669	-1,77108453964
128	-25,514871787	0,00610501	0,00976801	-711,482414103	-1,74143446899
128,5	-25,840886897	0,00610501	0,00732601	-719,952750212	-1,72094626993
129	-26,363045524	0,00610501	0,00854701	-733,470495439	-1,68922950235
129,5	-26,623857612	0,00610501	0,00854701	-740,199707265	-1,67387258849
130	-27,146016239	0,00610501	0,00732601	-753,625689141	-1,64405223688
130,5	-27,4725658	0,00610501	0,00732601	-761,990340079	-1,62600486493
131	-27,994724427	0,00610501	0,00732601	-775,314023031	-1,598062157
131,5	-28,516348603	0,00732601	0,00976801	-788,559775493	-1,57121887079
132	-28,777695142	0,00610501	0,00732601	-795,171715223	-1,55815401413
132,5	-29,299853769	0,00610501	0,00854701	-808,332388271	-1,53278529721
133	-29,560665857	0,00610501	0,013431	-814,880916483	-1,5204675615
133,5	-30,148027506	0,00610501	0,013431	-829,566485944	-1,49355117521
134	-30,343636572	0,00610501	0,00854701	-834,437946298	-1,48483180265
134,5	-30,930998221	0,00610501	0,00976801	-849,006962165	-1,45935199028
135	-31,453156848	0,00610501	0,00976801	-861,883803616	-1,43754876794
135,5	-31,713968936	0,00610501	0,00732601	-868,288894219	-1,42694442858
136	-32,236127563	0,00732601	0,00732601	-881,058000274	-1,40626383236
136,5	-32,496939651	0,00610501	0,00854701	-887,408681385	-1,39619999893
137	-33,019098278	0,00610501	0,00854701	-900,067667532	-1,37656316819
137,5	-33,606459927	0,00610501	0,00732601	-914,218016955	-1,35525659856
138	-33,802068993	0,00610501	0,010989	-918,909255512	-1,34833770861
138,5	-34,389430642	0,00610501	0,013431	-932,931205292	-1,32807220186
139	-34,650777181	0,00610501	0,00854701	-939,138841419	-1,31929374588
139,5	-35,172935808	0,00610501	0,00854701	-951,482771688	-1,30217807076
140	-35,368544874	0,00610501	0,010989	-956,086715638	-1,29590755706
140,5	-36,021109545	0,00610501	0,00854701	-971,364874245	-1,27552481344
141	-36,47806515	0,00610501	0,00732601	-981,988447636	-1,26172563739
141,5	-36,738877238	0,00610501	0,00732601	-988,02400518	-1,25401811444
142	-37,261035865	0,00610501	0,00976801	-1000,04583983	-1,23894320705
142,5	-37,587050975	0,00610501	0,00732601	-1007,50974141	-1,22976478447
143	-38,04400658	0,00610501	0,00854701	-1017,91648275	-1,217192197
143,5	-38,37002169	0,00610501	0,013431	-1025,30163917	-1,20842486998
144	-38,826977295	0,00610501	0,01221	-1035,59703922	-1,19641130003
144,5	-39,414338944	0,00610501	0,00854701	-1048,73370066	-1,18142479756
145	-39,675151032	0,00610501	0,00976801	-1054,53165141	-1,17492917196
145,5	-40,262512681	0,00610501	0,00732601	-1067,5087233	-1,16064625325
146	-40,458656198	0,00610501	0,00732601	-1071,81736641	-1,1559805232
146,5	-40,980814825	0,00610501	0,00732601	-1083,22614988	-1,14380547418
147	-41,241626913	0,00610501	0,00976801	-1088,89107082	-1,13785486281
147,5	-41,828988562	0,00610501	0,00732601	-1101,56595016	-1,12476243462
148	-42,08980065	0,00610501	0,00854701	-1107,15706821	-1,11908240987
148,5	-42,677162299	0,00610501	0,01221	-1119,66435618	-1,10658162258
149	-43,134117904	0,00610501	0,014652	-1129,31346313	-1,09712674155
149,5	-43,460133014	0,00610501	0,00854701	-1136,15375134	-1,09052141802
150	-43,917088619	0,00610501	0,00854701	-1145,67940597	-1,08145436982
150,5	-44,243103729	0,00610501	0,00976801	-1152,43098034	-1,07511861547
151	-44,765262356	0,00610501	0,00732601	-1163,16673996	-1,06519551964
151,5	-45,157014939	0,00610501	0,00610501	-1171,15792744	-1,05792734777
152	-45,548233071	0,00610501	0,00732601	-1179,08357403	-1,05081609759
152,5	-46,070391698	0,00610501	0,00854701	-1189,57621779	-1,04154738593
153	-46,331738237	0,00610501	0,00732601	-1194,79086377	-1,0370015687
153,5	-46,919099886	0,00610501	0,00732601	-1206,4196084	-1,02700585383
154	-47,114708952	0,00610501	0,010989	-1210,26424754	-1,02374337053
154,5	-47,702070601	0,00610501	0,010989	-1221,72371786	-1,01414090754
155	-47,897679667	0,00610501	0,00732601	-1225,5116257	-1,01100632097
155,5	-48,485041316	0,00610501	0,00732601	-1236,79968176	-1,00177904172
156	-48,941996921	0,00610501	0,00976801	-1245,49173047	-0,994787817285
156,5	-49,268012031	0,00610501	0,00732601	-1251,64468481	-0,989897544433
157	-49,790170658	0,00610501	0,00732601	-1261,41498678	-0,982230283438
157,5	-50,116720219	0,00610501	0,01221	-1267,47198074	-0,977536402248
158	-50,573141373	0,00610501	0,013431	-1275,86886233	-0,971102937442
158,5	-50,899690934	0,00610501	0,00854701	-1281,82681337	-0,966589235827
159	-51,421849561	0,00610501	0,010989	-1291,26708511	-0,959522638105
159,5	-51,943473737	0,00610501	0,00976801	-1300,59061526	-0,952644118342
160	-52,204820276	0,00610501	0,00732601	-1305,22144664	-0,94926420585
160,5	-52,792181925	0,00610501	0,00732601	-1315,52973478	-0,941825917915
161	-52,987790991	0,00610501	0,00854701	-1318,93207018	-0,939396370754
161,5	-53,57515264	0,00610501	0,00732601	-1329,05582997	-0,932240747199
162	-53,770761706	0,00610501	0,00854701	-1332,39639541	-0,929903446352
162,5	-54,358123355	0,00610501	0,01221	-1342,33373633	-0,923019340472
163	-54,880281982	0,00610501	0,01221	-1351,0495194	-0,917064831607
163,5	-55,14109407	0,00732601	0,00854701	-1355,36097433	-0,914147613417
164	-55,663252697	0,00610501	0,00976801	-1363,90823306	-0,908418887699
164,5	-55,989802258	0,00610501	0,00854701	-1369,1960227	-0,904910604075
165	-56,446223412	0,00610501	0,00732601	-1376,51224953	-0,900100961998
165,5	-56,772772973	0,00610501	0,00854701	-1381,69311565	-0,896725898078
166	-57,229194127	0,00610501	0,00854701	-1388,85921511	-0,892099059803
166,5	-57,555743688	0,00610501	0,00976801	-1393,93219024	-0,888852419561
167	-58,077902315	0,00610501	0,014652	-1401,94981475	-0,883769152763
167,5	-58,600060942	0,00610501	0,00976801	-1409,85100277	-0,878816270345
168	-58,86087303	0,00610501	0,00854701	-1413,75374395	-0,876390252052
168,5	-59,448234679	0,00610501	0,00976801	-1422,43551397	-0,871041244281
169	-59,643843745	0,00610501	0,00732601	-1425,29366776	-0,869294537696
169,5	-60,231205394	0,00610501	0,00732601	-1433,77597133	-0,864151739727
170	-60,492017482	0,00610501	0,00976801	-1437,49419857	-0,86191652198
170,5	-61,014176109	0,00610501	0,00732601	-1444,84868433	-0,857529244022
171	-61,405928692	0,00610501	0,010989	-1450,28767558	-0,854313265471
171,5	-61,797146824	0,00610501	0,013431	-1455,65158526	-0,851165218755
172	-62,319305451	0,00610501	0,00732601	-1462,70501112	-0,847060747436
172,5	-62,645855012	0,00610501	0,010989	-1467,0544036	-0,844549457036
173	-63,102276166	0,00610501	0,00854701	-1473,05370496	-0,841109863018
173,5	-63,428825727	0,00610501	0,00732601	-1477,28860359	-0,838698678774
174	-63,950984354	0,00610501	0,00854701	-1483,96051371	-0,834927876148
174,5	-64,211796442	0,00610501	0,00854701	-1487,24693366	-0,833082907727
175	-64,733955069	0,00610501	0,00732601	-1493,73383091	-0,829465045485
175,5	-65,256113696	0,00610501	0,014652	-1500,09666871	-0,825946771193
176	-65,451722762	0,00610501	0,010989	-1502,4482402	-0,824654032564
176,5	-66,039084411	0,00610501	0,00854701	-1509,40403222	-0,820853776428
177	-66,299896499	0,00610501	0,010989	-1512,44186956	-0,819205038512
177,5	-66,887258148	0,00610501	0,00732601	-1519,16837284	-0,815577800427
178	-67,083401665	0,00610501	0,00732601	-1521,37909701	-0,814392679925
178,5	-67,605025841	0,00610501	0,00976801	-1527,17147224	-0,811303787769
179	-68,127184468	0,00610501	0,00732601	-1532,84301046	-0,808301953652
179,5	-68,453734029	0,00610501	0,010989	-1536,32522483	-0,806469867169
180	-68,910155183	0,00610501	0,01221	-1541,10869973	-0,803966650902
180,5	-69,236704744	0,00610501	0,00854701	-1544,47107251	-0,80221638466
181	-69,758863371	0,00610501	0,010989	-1549,74327525	-0,79948725688
181,5	-70,019675459	0,00610501	0,00732601	-1552,32850455	-0,798155800378
182	-70,541834086	0,00610501	0,00732601	-1557,40754569	-0,79555284256
182,5	-70,998789691	0,00610501	0,00854701	-1561,74624232	-0,793342712425
183	-71,324804801	0,00610501	0,00854701	-1564,78098474	-0,791804100436
183,5	-71,91216645	0,00610501	0,00732601	-1570,12057147	-0,789111373047
184	-72,107775516	0,00610501	0,013431	-1571,86221546	-0,788237027273
184,5	-72,695137165	0,00610501	0,00976801	-1576,98172502	-0,785678096544
185	-72,890746231	0,00610501	0,00854701	-1578,64991552	-0,784847855006
185,5	-73,47810788	0,00610501	0,010989	-1583,54839188	-0,782420042451
186	-73,739454419	0,00610501	0,00732601	-1585,67450195	-0,781370955059
186,5	-74,261613046	0,00610501	0,00732601	-1589,82352504	-0,779331781476
187	-74,783237222	0,00610501	0,00976801	-1593,83646418	-0,777369590822
187,5	-75,109786783	0,00610501	0,00732601	-1596,28144779	-0,776178913632
188	-75,566742388	0,00610501	0,00732601	-1599,61576076	-0,774561010459
188,5	-75,892757498	0,00610501	0,013431	-1601,93244933	-0,773440852964
189	-76,414916125	0,00610501	0,00854701	-1605,53486065	-0,771705448673
189,5	-76,675728213	0,00610501	0,00976801	-1607,28430486	-0,770865487989
190	-77,19788684	0,00610501	0,010989	-1610,68665849	-0,769237140859
190,5	-77,785248489	0,00610501	0,00732601	-1614,35398496	-0,767489665554
191	-77,980857555	0,00610501	0,00854701	-1615,53767556	-0,766927332457
191,5	-78,568219204	0,00610501	0,00854701	-1618,97876736	-0,765297250947
192	-78,76382827	0,00610501	0,00732601	-1620,08700597	-0,764773740816
192,5	-79,351189919	0,00610501	0,00976801	-1623,30122051	-0,763259452003
193	-79,547333436	0,00610501	0,01221	-1624,3365955	-0,762772939695
193,5	-80,134695085	0,00610501	0,00976801	-1627,32317708	-0,761373043442
194	-80,330304151	0,00610501	0,00976801	-1628,27985314	-0,760925707956
194,5	-80,9176658	0,00610501	0,01221	-1631,03839913	-0,759638767953
195	-81,439824427	0,00610501	0,00732601	-1633,34680696	-0,758565171047
195,5	-81,765839537	0,00610501	0,00854701	-1634,71930725	-0,757928284388
196	-82,222795142	0,00610501	0,00732601	-1636,55396673	-0,757078608583
196,5	-82,548810252	0,00610501	0,00732601	-1637,79928541	-0,756502955542
197	-83,070968879	0,00610501	0,01221	-1639,68334371	-0,755633704981
197,5	-83,331780967	0,00610501	0,00854701	-1640,57341977	-0,755223743765
198	-83,853939594	0,00610501	0,00854701	-1642,25322113	-0,75445125274
198,5	-84,245692177	0,00610501	0,013431	-1643,42395669	-0,753913799879
199	-84,636910309	0,00610501	0,00732601	-1644,51642302	-0,753412968491
199,5	-85,224271958	0,00610501	0,00976801	-1646,01263291	-0,752728123239
200	-85,420415475	0,00610501	0,00732601	-1646,47375699	-0,752517308422
Vernier Format 2
lampe_vor_neueinstellung.cmbl 21.10.2014 11:11:32 ,
Latest 2
Time	Winkel	Pyro	Sample	Wellenlänge	Energie
t	Pot	Pot	Pot	Lambda	E
s	°	V	V	nm	eV

 	 	 	 	 	 
