Vernier Format 2
lampe_vor_neueinstellung.cmbl 21.10.2014 11:20:15 ,
Latest
Time	Winkel	Pyro	Sample	Wellenlänge	Energie
t	Pot	Pot	Pot	Lambda	E
s	°	V	V	nm	eV

0	-70,541834086	0,014652	0,020757	-1557,40754569	-0,79555284256
0,5	-70,34622502	0,017094	0,026862	-1555,51998406	-0,796518214292
1	-69,693660349	0,018315	0,025641	-1549,0919483	-0,7998234071
1,5	-69,497516832	0,023199	0,020757	-1547,12053748	-0,800842578186
2	-69,171501722	0,028083	0,023199	-1543,80370365	-0,802563173716
2,5	-68,714546117	0,029304	0,02442	-1539,07059642	-0,805031298034
3	-68,388531007	0,032967	0,019536	-1535,63390562	-0,806832927733
3,5	-67,931575402	0,040293	0,020757	-1530,73324821	-0,809416011213
4	-67,605025841	0,043956	0,021978	-1527,17147224	-0,811303787769
4,5	-67,083401665	0,046398	0,028083	-1521,37909701	-0,814392679925
5	-66,822055126	0,0500611	0,028083	-1518,42952853	-0,815974647961
5,5	-66,299896499	0,0573871	0,02442	-1512,44186956	-0,819205038512
6	-65,973881389	0,0634921	0,029304	-1508,63968349	-0,821269660051
6,5	-65,516925784	0,0659341	0,030525	-1503,22820719	-0,824226151475
7	-65,190910674	0,0732601	0,025641	-1499,30892476	-0,826380727506
7,5	-64,994767157	0,0781441	0,026862	-1496,92753417	-0,827695377175
8	-64,473142981	0,0818071	0,029304	-1490,50917608	-0,831259558733
8,5	-64,211796442	0,0854701	0,032967	-1487,24693366	-0,833082907727
9	-63,950984354	0,0903541	0,030525	-1483,96051371	-0,834927876148
9,5	-63,428825727	0,0964591	0,029304	-1477,28860359	-0,838698678774
10	-63,102276166	0,100122	0,025641	-1473,05370496	-0,841109863018
10,5	-62,58065199	0,103785	0,03663	-1466,18975193	-0,845047510643
11	-62,319305451	0,111111	0,029304	-1462,70501112	-0,847060747436
11,5	-61,993290341	0,113553	0,032967	-1458,31534106	-0,849610482117
12	-61,471131714	0,119658	0,023199	-1451,18636283	-0,853784208379
12,5	-61,275522648	0,1221	0,028083	-1448,48466762	-0,855376675842
13	-60,688160999	0,131868	0,021978	-1440,27086893	-0,860254849786
13,5	-60,492017482	0,13431	0,030525	-1437,49419857	-0,86191652198
14	-59,905190284	0,141636	0,021978	-1429,08641781	-0,86698745755
14,5	-59,709046767	0,145299	0,021978	-1426,24269565	-0,868716105454
15	-59,121685118	0,150183	0,015873	-1417,62719082	-0,87399565134
15,5	-58,926076052	0,156288	0,014652	-1414,72485515	-0,875788670486
16	-58,600060942	0,152625	0,015873	-1409,85100277	-0,878816270345
16,5	-58,077902315	0,159951	0,013431	-1401,94981475	-0,883769152763
17	-57,816555776	0,163614	0,018315	-1397,95141245	-0,886296897706
17,5	-57,2949316	0,168498	0,021978	-1389,88408445	-0,891441245975
18	-56,968382039	0,174603	0,015873	-1384,77506398	-0,894730149486
18,5	-56,772772973	0,180708	0,018315	-1381,69311565	-0,896725898078
19	-56,185411324	0,180708	0,018315	-1372,34221478	-0,902836032192
19,5	-55,989802258	0,184371	0,014652	-1369,1960227	-0,904910604075
20	-55,402440609	0,19536	0,010989	-1359,65309341	-0,911261854957
20,5	-55,206297092	0,210012	0,013431	-1356,43445336	-0,91342415915
21	-54,880281982	0,222222	0,017094	-1351,0495194	-0,917064831607
21,5	-54,358123355	0,228327	0,015873	-1342,33373633	-0,923019340472
22	-54,032108245	0,236874	0,015873	-1336,83536781	-0,926815694616
22,5	-53,57515264	0,246642	0,017094	-1329,05582997	-0,932240747199
23	-53,248603079	0,251526	0,021978	-1323,44459722	-0,936193326567
23,5	-52,987790991	0,255189	0,02442	-1318,93207018	-0,939396370754
24	-52,465632364	0,262515	0,018315	-1309,81573495	-0,945934582201
24,5	-52,204820276	0,271062	0,017094	-1305,22144664	-0,94926420585
25	-51,682661649	0,274725	0,018315	-1295,94227675	-0,956061101042
25,5	-51,421849561	0,282051	0,020757	-1291,26708511	-0,959522638105
26	-51,160503022	0,284493	0,020757	-1286,55547465	-0,963036592212
26,5	-50,638344395	0,294261	0,017094	-1277,06181993	-0,970195789008
27	-50,312329285	0,299145	0,013431	-1271,08052413	-0,974761218095
27,5	-49,85537368	0,304029	0,014652	-1262,62768313	-0,981286896011
28	-49,52935857	0,311355	0,017094	-1256,54788102	-0,986034848902
28,5	-49,202809009	0,313797	0,021978	-1250,41732949	-0,990869184853
29	-48,680650382	0,319902	0,023199	-1240,53015094	-0,998766534665
29,5	-48,550244338	0,324786	0,021978	-1238,04477537	-1,00077155903
30	-47,897679667	0,333333	0,021978	-1225,5116257	-1,01100632097
30,5	-47,702070601	0,338217	0,026862	-1221,72371786	-1,01414090754
31	-47,37552104	0,34188	0,031746	-1215,36848223	-1,01944391196
31,5	-46,919099886	0,345543	0,035409	-1206,4196084	-1,02700585383
32	-46,592550325	0,35409	0,039072	-1199,97006337	-1,03252575862
32,5	-46,13559472	0,360195	0,04884	-1190,87953472	-1,0404075004
33	-45,80957961	0,363858	0,0744811	-1184,34756124	-1,04614560839
33,5	-45,417827027	0,363858	0,112332	-1176,44778156	-1,05317041642
34	-44,961405873	0,362637	0,157509	-1167,1746053	-1,06153783193
34,5	-44,765262356	0,365079	0,199023	-1163,16673996	-1,06519551964
35	-44,177900707	0,3663	0,246642	-1151,08364341	-1,07637703575
35,5	-43,982291641	0,363858	0,300366	-1147,0326953	-1,08017845096
36	-43,394929992	0,357753	0,357753	-1134,7886294	-1,09183328763
36,5	-43,199320926	0,350427	0,418803	-1130,68445293	-1,09579644152
37	-42,872771365	0,34188	0,481074	-1123,80360494	-1,10250580667
37,5	-42,351147189	0,336996	0,544567	-1112,7366315	-1,11347102713
38	-42,024597628	0,326007	0,616606	-1105,76143493	-1,12049485618
38,5	-41,567642023	0,312576	0,699634	-1095,94047929	-1,13053584881
39	-41,241626913	0,290598	0,785104	-1088,89107082	-1,13785486281
39,5	-41,046017847	0,264957	0,871795	-1084,64448897	-1,14230977302
40	-40,458656198	0,236874	0,964591	-1071,81736641	-1,1559805232
40,5	-40,197309659	0,203907	1,07082	-1066,07364918	-1,16220863441
41	-39,936497571	0,15873	1,17705	-1060,31956503	-1,16851564459
41,5	-39,414338944	0,117216	1,28449	-1048,73370066	-1,18142479756
42	-39,153526856	0,0757021	1,35775	-1042,91401917	-1,18801739859
42,5	-38,631368229	0,035409	1,4188	-1031,19791086	-1,2015152348
43	-38,37002169	0,013431	1,442	-1025,30163917	-1,20842486998
43,5	-37,848397514	0,00732601	1,4359	-1013,46955443	-1,22253302488
44	-37,521847953	0,00610501	1,41758	-1006,01956294	-1,23158638822
44,5	-37,261035865	0,00610501	1,36142	-1000,04583983	-1,23894320705
45	-36,738877238	0,00610501	1,30891	-988,02400518	-1,25401811444
45,5	-36,47806515	0,00610501	1,24054	-981,988447636	-1,26172563739
46	-35,955906523	0,00610501	1,17705	-969,843943109	-1,2775251202
46,5	-35,694559984	0,00610501	1,10256	-963,735165327	-1,28562290199
47	-35,433747896	0,00610501	1,03541	-957,618889889	-1,29383412658
47,5	-34,911589269	0,00610501	0,968254	-945,314303304	-1,31067518567
48	-34,585574159	0,00610501	0,894994	-937,59193034	-1,32147041789
48,5	-34,128618554	0,00610501	0,840049	-926,716912614	-1,33697786577
49	-33,802068993	0,00610501	0,78022	-918,909255512	-1,34833770861
49,5	-33,606459927	0,00610501	0,727717	-914,218016955	-1,35525659856
50	-33,019098278	0,00610501	0,687424	-900,067667532	-1,37656316819
50,5	-32,75828619	0,00610501	0,634921	-893,753931597	-1,38628760803
51	-32,236127563	0,00610501	0,59707	-881,058000274	-1,40626383236
51,5	-31,975315475	0,00610501	0,565324	-874,689062815	-1,41650336408
52	-31,648765914	0,00610501	0,527473	-866,689303118	-1,42957804549
52,5	-31,191810309	0,00610501	0,494505	-855,447673946	-1,44836445026
53	-30,865795199	0,00610501	0,477411	-847,394030213	-1,46212972457
53,5	-30,408839594	0,00610501	0,455433	-836,059607923	-1,48195175112
54	-30,082824484	0,00610501	0,433455	-827,940514343	-1,49648432289
54,5	-29,756274923	0,00610501	0,423687	-819,781239204	-1,5113788176
55	-29,299853769	0,00610501	0,413919	-808,332388271	-1,53278529721
55,5	-29,03850723	0,00610501	0,399267	-801,753640112	-1,54536248794
56	-28,516348603	0,00732601	0,383394	-788,559775493	-1,57121887079
56,5	-28,255536515	0,00732601	0,373626	-781,945000579	-1,58451041836
57	-27,928986954	0,00610501	0,365079	-773,640150245	-1,60151977584
57,5	-27,407362778	0,00610501	0,347985	-760,322116928	-1,62957248305
58	-27,146016239	0,00610501	0,322344	-753,625689141	-1,64405223688
58,5	-26,689595085	0,00732601	0,291819	-741,893384959	-1,67005128381
59	-26,363045524	0,00610501	0,240537	-733,470495439	-1,68922950235
59,5	-26,102233436	0,00610501	0,173382	-726,726085415	-1,7049064632
60	-25,514871787	0,00610501	0,106227	-711,482414103	-1,74143446899
60,5	-25,31872827	0,00610501	0,0671551	-706,375210567	-1,75402531327
61	-24,99271316	0,00732601	0,0500611	-697,868112715	-1,77540709688
61,5	-24,535757555	0,00610501	0,039072	-685,906262729	-1,80636927715
62	-24,209742445	0,00610501	0,035409	-677,345366056	-1,82919978801
62,5	-23,75278684	0,00610501	0,032967	-665,309228266	-1,86229191985
63	-23,42677173	0,00610501	0,034188	-656,696131439	-1,88671737305
63,5	-23,165425191	0,00610501	0,031746	-649,776167204	-1,90681047188
64	-22,643266564	0,00610501	0,028083	-635,91004517	-1,94838878456
64,5	-22,382454476	0,00610501	0,030525	-628,964229926	-1,96990534763
65	-21,860295849	0,00732601	0,034188	-615,019345968	-2,01457077428
65,5	-21,599483761	0,00610501	0,032967	-608,03483942	-2,03771218304
66	-21,338137222	0,00610501	0,026862	-601,023382652	-2,06148385531
66,5	-20,816513046	0,00610501	0,031746	-586,991904053	-2,11076165011
Vernier Format 2
lampe_vor_neueinstellung.cmbl 21.10.2014 11:20:15 ,
Latest 2
Time	Winkel	Pyro	Sample	Wellenlänge	Energie
t	Pot	Pot	Pot	Lambda	E
s	°	V	V	nm	eV

 	 	 	 	 	 
