Vernier Format 2
lampe_vor_neueinstellung.cmbl 21.10.2014 11:14:24 ,
Latest
Time	Winkel	Pyro	Sample	Wellenlänge	Energie
t	Pot	Pot	Pot	Lambda	E
s	°	V	V	nm	eV

0	-86,5294013	0,0695971	0,0525031	-1648,71782494	-0,751493057975
0,5	-86,398995256	0,0610501	0,0598291	-1648,48597438	-0,751598751372
1	-86,007777124	0,0610501	0,0525031	-1647,73919041	-0,751939388957
1,5	-85,746430585	0,0549451	0,0549451	-1647,19751115	-0,752186663478
2	-85,485618497	0,047619	0,046398	-1646,62277316	-0,752449207068
2,5	-85,224271958	0,04884	0,041514	-1646,01263291	-0,752728123239
3	-84,636910309	0,039072	0,045177	-1644,51642302	-0,753412968491
3,5	-84,441301243	0,03663	0,039072	-1643,97977059	-0,753658908806
4	-84,115286133	0,032967	0,045177	-1643,04277202	-0,754088707305
4,5	-83,593127506	0,023199	0,041514	-1641,43122096	-0,754829068788
5	-83,331780967	0,02442	0,039072	-1640,57341977	-0,755223743765
5,5	-83,070968879	0,017094	0,03663	-1639,68334371	-0,755633704981
6	-82,48360723	0,015873	0,030525	-1637,5544625	-0,756616056671
6,5	-82,287998164	0,00732601	0,032967	-1636,80727064	-0,756961446972
7	-81,961448603	0,010989	0,029304	-1635,51740553	-0,757558431239
7,5	-81,439824427	0,00732601	0,03663	-1633,34680696	-0,758565171047
8	-81,178477888	0,00732601	0,029304	-1632,20836678	-0,759094258565
8,5	-80,9176658	0,00732601	0,029304	-1631,03839913	-0,759638767953
9	-80,395507173	0,00732601	0,025641	-1628,59452826	-0,760778682784
9,5	-80,199898107	0,00732601	0,020757	-1627,64417714	-0,761222887289
10	-79,547333436	0,00732601	0,025641	-1624,3365955	-0,762772939695
10,5	-79,351189919	0,00732601	0,019536	-1623,30122051	-0,763259452003
11	-79,090377831	0,00732601	0,026862	-1621,89501793	-0,763921207171
11,5	-78,568219204	0,00732601	0,02442	-1618,97876736	-0,765297250947
12	-78,242204094	0,00732601	0,023199	-1617,08977601	-0,766191227218
12,5	-77,720045467	0,00610501	0,02442	-1613,95523937	-0,767679282411
13	-77,458698928	0,00732601	0,014652	-1612,33601497	-0,768450241451
13,5	-77,263089862	0,00732601	0,019536	-1611,10212786	-0,769038770774
14	-76,610525191	0,00610501	0,020757	-1606,85006469	-0,771073809078
14,5	-76,414916125	0,00610501	0,018315	-1605,53486065	-0,771705448673
15	-76,088366564	0,00610501	0,02442	-1603,29757207	-0,772782309151
15,5	-75,63194541	0,00610501	0,021978	-1600,08324409	-0,774334713259
16	-75,305395849	0,00732601	0,019536	-1597,72120928	-0,775479472141
16,5	-75,109786783	0,00732601	0,021978	-1596,28144779	-0,776178913632
17	-74,522425134	0,00732601	0,014652	-1591,84648689	-0,778341385433
17,5	-74,261613046	0,00732601	0,019536	-1589,82352504	-0,779331781476
18	-73,739454419	0,00610501	0,018315	-1585,67450195	-0,781370955059
18,5	-73,47810788	0,00732601	0,017094	-1583,54839188	-0,782420042451
19	-73,15209277	0,00732601	0,026862	-1580,85000957	-0,783755569789
19,5	-72,695137165	0,00732601	0,019536	-1576,98172502	-0,785678096544
20	-72,369122055	0,00854701	0,021978	-1574,16057152	-0,787086160343
20,5	-71,91216645	0,00732601	0,020757	-1570,12057147	-0,789111373047
21	-71,585616889	0,00854701	0,015873	-1567,17230667	-0,790595899841
21,5	-71,390007823	0,00854701	0,020757	-1565,38185689	-0,791500166266
22	-70,802646174	0,010989	0,019536	-1559,89605366	-0,794283694154
22,5	-70,541834086	0,013431	0,018315	-1557,40754569	-0,79555284256
23	-70,019675459	0,019536	0,028083	-1552,32850455	-0,798155800378
23,5	-69,824066393	0,021978	0,023199	-1550,39259519	-0,799152423613
24	-69,43231381	0,025641	0,025641	-1546,46117452	-0,801184032559
24,5	-68,975358205	0,025641	0,02442	-1541,78407702	-0,803614473953
25	-68,649343095	0,034188	0,017094	-1538,38724109	-0,80538889488
25,5	-68,453734029	0,035409	0,023199	-1536,32522483	-0,806469867169
26	-67,86637238	0,03663	0,021978	-1530,02602813	-0,809790145541
26,5	-67,670228863	0,043956	0,023199	-1527,88662892	-0,810924041447
27	-67,083401665	0,045177	0,029304	-1521,37909701	-0,814392679925
27,5	-66,822055126	0,0537241	0,02442	-1518,42952853	-0,815974647961
28	-66,561243038	0,0573871	0,031746	-1515,45449633	-0,817576511207
28,5	-66,039084411	0,0622711	0,021978	-1509,40403222	-0,820853776428
29	-65,778272323	0,0647131	0,026862	-1506,3349186	-0,822526242138
29,5	-65,256113696	0,0647131	0,02442	-1500,09666871	-0,825946771193
30	-64,994767157	0,0781441	0,026862	-1496,92753417	-0,827695377175
30,5	-64,733955069	0,0781441	0,034188	-1493,73383091	-0,829465045485
31	-64,211796442	0,0866911	0,028083	-1487,24693366	-0,833082907727
31,5	-63,950984354	0,0891331	0,035409	-1483,96051371	-0,834927876148
32	-63,363622705	0,0964591	0,025641	-1476,4468399	-0,839176844379
32,5	-63,168013639	0,0976801	0,030525	-1473,91008067	-0,840621158816
33	-62,776261056	0,102564	0,025641	-1468,77800603	-0,843558383166
33,5	-62,319305451	0,107448	0,029304	-1462,70501112	-0,847060747436
34	-62,058493363	0,10989	0,031746	-1459,19705685	-0,849097107333
34,5	-61,797146824	0,119658	0,028083	-1455,65158526	-0,851165218755
35	-61,210319626	0,1221	0,030525	-1447,58034924	-0,855911038476
35,5	-61,014176109	0,131868	0,020757	-1444,84868433	-0,857529244022
36	-60,42681446	0,128205	0,026862	-1436,56743122	-0,862472566949
36,5	-60,231205394	0,141636	0,017094	-1433,77597133	-0,864151739727
37	-59,905190284	0,144078	0,023199	-1429,08641781	-0,86698745755
37,5	-59,383031657	0,144078	0,020757	-1421,47911011	-0,871627300876
38	-59,121685118	0,151404	0,018315	-1417,62719082	-0,87399565134
38,5	-58,600060942	0,150183	0,019536	-1409,85100277	-0,878816270345
39	-58,338714403	0,159951	0,01221	-1405,91096094	-0,881279138169
39,5	-58,077902315	0,161172	0,019536	-1401,94981475	-0,883769152763
40	-57,490540666	0,164835	0,010989	-1392,92286836	-0,889496488386
40,5	-57,2949316	0,172161	0,019536	-1389,88408445	-0,891441245975
41	-56,772772973	0,172161	0,014652	-1381,69311565	-0,896725898078
41,5	-56,511426434	0,181929	0,020757	-1377,55030491	-0,899422689378
42	-56,185411324	0,18315	0,017094	-1372,34221478	-0,902836032192
42,5	-55,663252697	0,192918	0,017094	-1363,90823306	-0,908418887699
43	-55,402440609	0,197802	0,017094	-1359,65309341	-0,911261854957
43,5	-54,880281982	0,212454	0,014652	-1351,0495194	-0,917064831607
44	-54,553732421	0,224664	0,020757	-1345,61190799	-0,920770686293
44,5	-54,358123355	0,234432	0,014652	-1342,33373633	-0,923019340472
45	-53,770761706	0,241758	0,02442	-1332,39639541	-0,929903446352
45,5	-53,509949618	0,247863	0,015873	-1327,93886381	-0,933024880709
46	-53,248603079	0,253968	0,019536	-1323,44459722	-0,936193326567
46,5	-52,726978903	0,258852	0,015873	-1314,39221363	-0,942641007113
47	-52,465632364	0,264957	0,017094	-1309,81573495	-0,945934582201
47,5	-51,943473737	0,269841	0,019536	-1300,59061526	-0,952644118342
48	-51,617458627	0,28083	0,019536	-1294,77599255	-0,956922283954
48,5	-51,421849561	0,282051	0,025641	-1291,26708511	-0,959522638105
49	-50,899690934	0,291819	0,015873	-1281,82681337	-0,966589235827
49,5	-50,638344395	0,29304	0,021978	-1277,06181993	-0,970195789008
50	-50,050982746	0,300366	0,015873	-1266,25595484	-0,978475161568
50,5	-49,790170658	0,30525	0,023199	-1261,41498678	-0,982230283438
51	-49,594561592	0,310134	0,018315	-1257,76710236	-0,985079032256
51,5	-49,007199943	0,319902	0,025641	-1246,7255537	-0,993803324496
52	-48,745853404	0,322344	0,021978	-1241,77042968	-0,997768967905
52,5	-48,224229228	0,332112	0,023199	-1231,8033062	-1,00584240501
53	-47,897679667	0,332112	0,021978	-1225,5116257	-1,01100632097
53,5	-47,702070601	0,34188	0,021978	-1221,72371786	-1,01414090754
54	-47,114708952	0,343101	0,031746	-1210,26424754	-1,02374337053
54,5	-46,853362413	0,352869	0,032967	-1205,12439847	-1,02810963049
55	-46,331738237	0,356532	0,043956	-1194,79086377	-1,0370015687
55,5	-46,070391698	0,361416	0,0500611	-1189,57621779	-1,04154738593
56	-45,80957961	0,363858	0,0805861	-1184,34756124	-1,04614560839
56,5	-45,287420983	0,3663	0,111111	-1173,8058948	-1,05554078872
57	-44,961405873	0,369963	0,156288	-1167,1746053	-1,06153783193
57,5	-44,504450268	0,365079	0,20757	-1157,81637446	-1,07011787649
58	-44,177900707	0,367521	0,252747	-1151,08364341	-1,07637703575
58,5	-43,982291641	0,361416	0,310134	-1147,0326953	-1,08017845096
59	-43,394929992	0,360195	0,357753	-1134,7886294	-1,09183328763
59,5	-43,134117904	0,35409	0,422466	-1129,31346313	-1,09712674155
60	-42,611959277	0,347985	0,478632	-1118,28170414	-1,10794980854
60,5	-42,351147189	0,339438	0,549451	-1112,7366315	-1,11347102713
61	-42,024597628	0,322344	0,620269	-1105,76143493	-1,12049485618
61,5	-41,567642023	0,308913	0,702076	-1095,94047929	-1,13053584881
62	-41,241626913	0,288156	0,786325	-1088,89107082	-1,13785486281
62,5	-40,980814825	0,269841	0,869353	-1083,22614988	-1,14380547418
63	-40,458656198	0,233211	0,973138	-1071,81736641	-1,1559805232
63,5	-40,197309659	0,205128	1,06716	-1066,07364918	-1,16220863441
64	-39,675151032	0,161172	1,18437	-1054,53165141	-1,17492917196
64,5	-39,414338944	0,117216	1,27961	-1048,73370066	-1,18142479756
65	-39,153526856	0,0757021	1,36752	-1042,91401917	-1,18801739859
65,5	-38,631368229	0,040293	1,42002	-1031,19791086	-1,2015152348
66	-38,304818668	0,015873	1,442	-1023,8272559	-1,2101650868
66,5	-37,783194492	0,00732601	1,43346	-1011,98461742	-1,22432691038
67	-37,521847953	0,00732601	1,4127	-1006,01956294	-1,23158638822
67,5	-37,195832843	0,00732601	1,3663	-998,549166412	-1,2408001946
68	-36,738877238	0,00610501	1,31136	-988,02400518	-1,25401811444
68,5	-36,47806515	0,00610501	1,25153	-981,988447636	-1,26172563739
69	-35,955906523	0,00610501	1,18193	-969,843943109	-1,2775251202
69,5	-35,694559984	0,00610501	1,11111	-963,735165327	-1,28562290199
70	-35,433747896	0,00610501	1,0293	-957,618889889	-1,29383412658
70,5	-34,911589269	0,00610501	0,971917	-945,314303304	-1,31067518567
71	-34,650777181	0,00610501	0,90232	-939,138841419	-1,31929374588
71,5	-34,128618554	0,00610501	0,848596	-926,716912614	-1,33697786577
72	-33,802068993	0,00610501	0,783883	-918,909255512	-1,34833770861
72,5	-33,606459927	0,00610501	0,738706	-914,218016955	-1,35525659856
73	-33,019098278	0,00610501	0,681319	-900,067667532	-1,37656316819
73,5	-32,75828619	0,00610501	0,637363	-893,753931597	-1,38628760803
74	-32,236127563	0,00610501	0,593407	-881,058000274	-1,40626383236
74,5	-31,975315475	0,00610501	0,561661	-874,689062815	-1,41650336408
75	-31,713968936	0,00610501	0,53602	-868,288894219	-1,42694442858
75,5	-31,191810309	0,00610501	0,500611	-855,447673946	-1,44836445026
76	-30,865795199	0,00610501	0,481074	-847,394030213	-1,46212972457
76,5	-30,408839594	0,00610501	0,454212	-836,059607923	-1,48195175112
77	-30,082824484	0,00610501	0,43956	-827,940514343	-1,49648432289
77,5	-29,560665857	0,00610501	0,417582	-814,880916483	-1,5204675615
78	-29,299853769	0,00610501	0,413919	-808,332388271	-1,53278529721
78,5	-29,03850723	0,00610501	0,394383	-801,753640112	-1,54536248794
79	-28,451145581	0,00610501	0,388278	-786,907608263	-1,57451775404
79,5	-28,255536515	0,00610501	0,371184	-781,945000579	-1,58451041836
80	-27,928986954	0,00610501	0,362637	-773,640150245	-1,60151977584
80,5	-27,407362778	0,00610501	0,345543	-760,322116928	-1,62957248305
81	-27,146016239	0,00610501	0,330891	-753,625689141	-1,64405223688
81,5	-26,885204151	0,00610501	0,300366	-746,927323555	-1,65879592422
82	-26,363045524	0,00610501	0,253968	-733,470495439	-1,68922950235
82,5	-26,102233436	0,00610501	0,181929	-726,726085415	-1,7049064632
83	-25,580074809	0,00610501	0,117216	-713,178332932	-1,73729338482
83,5	-25,31872827	0,00610501	0,0671551	-706,375210567	-1,75402531327
84	-24,99271316	0,00610501	0,046398	-697,868112715	-1,77540709688
84,5	-24,535757555	0,00610501	0,035409	-685,906262729	-1,80636927715
85	-24,209742445	0,00610501	0,03663	-677,345366056	-1,82919978801
85,5	-23,75278684	0,00610501	0,03663	-665,309228266	-1,86229191985
86	-23,42677173	0,00610501	0,030525	-656,696131439	-1,88671737305
86,5	-23,230628213	0,00610501	0,03663	-651,503891764	-1,90175379712
87	-22,643266564	0,00610501	0,028083	-635,91004517	-1,94838878456
87,5	-22,447657498	0,00610501	0,03663	-630,701911182	-1,9644779539
88	-21,860295849	0,00610501	0,030525	-615,019345968	-2,01457077428
88,5	-21,599483761	0,00610501	0,03663	-608,03483942	-2,03771218304
89	-21,338137222	0,00610501	0,034188	-601,023382652	-2,06148385531
Vernier Format 2
lampe_vor_neueinstellung.cmbl 21.10.2014 11:14:24 ,
Latest 2
Time	Winkel	Pyro	Sample	Wellenlänge	Energie
t	Pot	Pot	Pot	Lambda	E
s	°	V	V	nm	eV

 	 	 	 	 	 
