x in Angstrom	y
4001,0000	-214,1681
4002,0000	-214,1681
4003,0000	-214,1681
4004,0000	-214,1681
4005,0000	-214,1681
4006,0000	-214,1681
4007,0000	-214,1681
4008,0000	-214,1681
4009,0000	-214,1681
4010,0000	-214,1681
4011,0000	-214,1681
4012,0000	-214,1681
4013,0000	-214,1681
4014,0000	-214,1681
4015,0000	-214,1681
4016,0000	-214,1681
4017,0000	-214,1681
4018,0000	-214,1681
4019,0000	-214,1681
4020,0000	-214,1681
4021,0000	-214,1681
4022,0000	-214,1681
4023,0000	-214,1681
4024,0000	-214,1681
4025,0000	-214,1681
4026,0000	-214,1681
4027,0000	-214,1681
4028,0000	-214,1681
4029,0000	-214,1681
4030,0000	-214,1681
4031,0000	-214,1681
4032,0000	-214,1681
4033,0000	-214,1681
4034,0000	-214,1681
4035,0000	-214,1681
4036,0000	-214,1681
4037,0000	-214,1681
4038,0000	-214,1681
4039,0000	-214,1681
4040,0000	-214,1681
4041,0000	-214,1681
4042,0000	-214,1681
4043,0000	-214,1681
4044,0000	-214,1681
4045,0000	-214,1681
4046,0000	-214,1681
4047,0000	-214,1681
4048,0000	-214,1681
4049,0000	-214,1681
4050,0000	-214,1681
4051,0000	-214,1681
4052,0000	-214,1681
4053,0000	-214,1681
4054,0000	-214,1681
4055,0000	-214,1681
4056,0000	-214,1681
4057,0000	-214,1681
4058,0000	-214,1681
4059,0000	-214,1681
4060,0000	-214,1681
4061,0000	-214,1681
4062,0000	-214,1681
4063,0000	-214,1681
4064,0000	-214,1681
4065,0000	-214,1681
4066,0000	-214,1681
4067,0000	-214,1681
4068,0000	-214,1681
4069,0000	-214,1681
4070,0000	-214,1681
4071,0000	-214,1681
4072,0000	-214,1681
4073,0000	-214,1681
4074,0000	-214,1681
4075,0000	-214,1681
4076,0000	-214,1681
4077,0000	-214,1681
4078,0000	-214,1681
4079,0000	-214,1681
4080,0000	-214,1681
4081,0000	-214,1681
4082,0000	-214,1681
4083,0000	-214,1681
4084,0000	-214,1681
4085,0000	-214,1681
4086,0000	-214,1681
4087,0000	-214,1681
4088,0000	-214,1681
4089,0000	-214,1681
4090,0000	-214,1681
4091,0000	-214,1681
4092,0000	-214,1681
4093,0000	-214,1681
4094,0000	-214,1681
4095,0000	-214,1681
4096,0000	-214,1681
4097,0000	-214,1681
4098,0000	-214,1681
4099,0000	-214,1681
4100,0000	-214,1681
4101,0000	-214,1681
4102,0000	-214,1681
4103,0000	-214,1681
4104,0000	-214,1681
4105,0000	-214,1681
4106,0000	-214,1681
4107,0000	-214,1681
4108,0000	-214,1681
4109,0000	-214,1681
4110,0000	-214,1681
4111,0000	-214,1681
4112,0000	-214,1681
4113,0000	-214,1681
4114,0000	-214,1681
4115,0000	-214,1681
4116,0000	-214,1681
4117,0000	-214,1681
4118,0000	-214,1681
4119,0000	-214,1681
4120,0000	-214,1681
4121,0000	-214,1681
4122,0000	-214,1681
4123,0000	-214,1681
4124,0000	-214,1681
4125,0000	-214,1681
4126,0000	-214,1681
4127,0000	-214,1681
4128,0000	-214,1681
4129,0000	-214,1681
4130,0000	-214,1681
4131,0000	-214,1681
4132,0000	-214,1681
4133,0000	-214,1681
4134,0000	-214,1681
4135,0000	-214,1681
4136,0000	-214,1681
4137,0000	-214,1681
4138,0000	-214,1681
4139,0000	-214,1681
4140,0000	-214,1681
4141,0000	-214,1681
4142,0000	-214,1681
4143,0000	-214,1681
4144,0000	-214,1681
4145,0000	-214,1681
4146,0000	-214,1681
4147,0000	-214,1681
4148,0000	-214,1681
4149,0000	-214,1681
4150,0000	-214,1681
4151,0000	-214,1681
4152,0000	-214,1681
4153,0000	-214,1681
4154,0000	-214,1681
4155,0000	-214,1681
4156,0000	-214,1681
4157,0000	-214,1681
4158,0000	-214,1681
4159,0000	-214,1681
4160,0000	-214,1681
4161,0000	-214,1681
4162,0000	-214,1681
4163,0000	-214,1681
4164,0000	-214,1681
4165,0000	-214,1681
4166,0000	-214,1681
4167,0000	-214,1681
4168,0000	-214,1681
4169,0000	-214,1681
4170,0000	-214,1681
4171,0000	-214,1681
4172,0000	-214,1681
4173,0000	-214,1681
4174,0000	-214,1681
4175,0000	-214,1681
4176,0000	-214,1681
4177,0000	-214,1681
4178,0000	-214,1681
4179,0000	-214,1681
4180,0000	-214,1681
4181,0000	-214,1681
4182,0000	-214,1681
4183,0000	-214,1681
4184,0000	-214,1681
4185,0000	-214,1681
4186,0000	-214,1681
4187,0000	-214,1681
4188,0000	-214,1681
4189,0000	-214,1681
4190,0000	-214,1681
4191,0000	-214,1681
4192,0000	-214,1681
4193,0000	-214,1681
4194,0000	-214,1681
4195,0000	-214,1681
4196,0000	-214,1681
4197,0000	-214,1681
4198,0000	-214,1681
4199,0000	-214,1681
4200,0000	-214,1681
4201,0000	-214,1681
4202,0000	-214,1681
4203,0000	-214,1681
4204,0000	-214,1681
4205,0000	-214,1681
4206,0000	-214,1681
4207,0000	-214,1681
4208,0000	-214,1681
4209,0000	-214,1681
4210,0000	-214,1681
4211,0000	-214,1681
4212,0000	-214,1681
4213,0000	-214,1681
4214,0000	-214,1681
4215,0000	-214,1681
4216,0000	-214,1681
4217,0000	-214,1681
4218,0000	-214,1681
4219,0000	-214,1681
4220,0000	-214,1681
4221,0000	-214,1681
4222,0000	-214,1681
4223,0000	-214,1681
4224,0000	-214,1681
4225,0000	-214,1681
4226,0000	-214,1681
4227,0000	-214,1681
4228,0000	-214,1681
4229,0000	-214,1681
4230,0000	-214,1681
4231,0000	-214,1681
4232,0000	-214,1681
4233,0000	-214,1681
4234,0000	-214,1681
4235,0000	-214,1681
4236,0000	-214,1681
4237,0000	-214,1681
4238,0000	-214,1681
4239,0000	-214,1681
4240,0000	-214,1681
4241,0000	-214,1681
4242,0000	-214,1681
4243,0000	-214,1681
4244,0000	-214,1681
4245,0000	-214,1681
4246,0000	-214,1681
4247,0000	-214,1681
4248,0000	-214,1681
4249,0000	-214,1681
4250,0000	-214,1681
4251,0000	-214,1681
4252,0000	-214,1681
4253,0000	-214,1681
4254,0000	-214,1681
4255,0000	-214,1681
4256,0000	-214,1681
4257,0000	-214,1681
4258,0000	-214,1681
4259,0000	-214,1681
4260,0000	-214,1681
4261,0000	-214,1681
4262,0000	-214,1681
4263,0000	-214,1681
4264,0000	-214,1681
4265,0000	-214,1681
4266,0000	-214,1681
4267,0000	-214,1681
4268,0000	-214,1681
4269,0000	-214,1681
4270,0000	-214,1681
4271,0000	-214,1681
4272,0000	-214,1681
4273,0000	-214,1681
4274,0000	-214,1681
4275,0000	-214,1681
4276,0000	-214,1681
4277,0000	-214,1681
4278,0000	-214,1681
4279,0000	-214,1681
4280,0000	-214,1681
4281,0000	-214,1681
4282,0000	-214,1681
4283,0000	-214,1681
4284,0000	-214,1681
4285,0000	-214,1681
4286,0000	-214,1681
4287,0000	-214,1681
4288,0000	-214,1681
4289,0000	-214,1681
4290,0000	-214,1681
4291,0000	-214,1681
4292,0000	-214,1681
4293,0000	-214,1681
4294,0000	-214,1681
4295,0000	-214,1681
4296,0000	-214,1681
4297,0000	-214,1681
4298,0000	-214,1681
4299,0000	-214,1681
4300,0000	-214,1681
4301,0000	-214,1681
4302,0000	-214,1681
4303,0000	-214,1681
4304,0000	-214,1681
4305,0000	-214,1681
4306,0000	-214,1681
4307,0000	-214,1681
4308,0000	-214,1681
4309,0000	-214,1681
4310,0000	-214,1681
4311,0000	-214,1681
4312,0000	-214,1681
4313,0000	-214,1681
4314,0000	-214,1681
4315,0000	-214,1681
4316,0000	-214,1681
4317,0000	-214,1681
4318,0000	-214,1681
4319,0000	-214,1681
4320,0000	-214,1681
4321,0000	-214,1681
4322,0000	-214,1681
4323,0000	-214,1681
4324,0000	-214,1681
4325,0000	-214,1681
4326,0000	-214,1681
4327,0000	-214,1681
4328,0000	-214,1681
4329,0000	-214,1681
4330,0000	-214,1681
4331,0000	-214,1681
4332,0000	-214,1681
4333,0000	-214,1681
4334,0000	-214,1681
4335,0000	-214,1681
4336,0000	-214,1681
4337,0000	-214,1681
4338,0000	-214,1681
4339,0000	-214,1681
4340,0000	-214,1681
4341,0000	-214,1681
4342,0000	-214,1681
4343,0000	-214,1681
4344,0000	-214,1681
4345,0000	-214,1681
4346,0000	-214,1681
4347,0000	-214,1681
4348,0000	-214,1681
4349,0000	-214,1681
4350,0000	-214,1681
4351,0000	-214,1681
4352,0000	-214,1681
4353,0000	-214,1681
4354,0000	-214,1681
4355,0000	-214,1681
4356,0000	-214,1681
4357,0000	-214,1681
4358,0000	-214,1681
4359,0000	-214,1681
4360,0000	-214,1681
4361,0000	-214,1681
4362,0000	-214,1681
4363,0000	-214,1681
4364,0000	-214,1681
4365,0000	-214,1681
4366,0000	-214,1681
4367,0000	-214,1681
4368,0000	-214,1681
4369,0000	-214,1681
4370,0000	-214,1681
4371,0000	-214,1681
4372,0000	-214,1681
4373,0000	-214,1681
4374,0000	-214,1681
4375,0000	-214,1681
4376,0000	-214,1681
4377,0000	-214,1681
4378,0000	-214,1681
4379,0000	-214,1681
4380,0000	-214,1681
4381,0000	-214,1681
4382,0000	-214,1681
4383,0000	-214,1681
4384,0000	-214,1681
4385,0000	-214,1681
4386,0000	-214,1681
4387,0000	-214,1681
4388,0000	-214,1681
4389,0000	-214,1681
4390,0000	-214,1681
4391,0000	-214,1681
4392,0000	-214,1681
4393,0000	-214,1681
4394,0000	-214,1681
4395,0000	-214,1681
4396,0000	-214,1681
4397,0000	-214,1681
4398,0000	-214,1681
4399,0000	-214,1681
4400,0000	-214,1681
4401,0000	-214,1681
4402,0000	-214,1681
4403,0000	-214,1681
4404,0000	-214,1681
4405,0000	-214,1681
4406,0000	-214,1681
4407,0000	-214,1681
4408,0000	-214,1681
4409,0000	-214,1681
4410,0000	-214,1681
4411,0000	-214,1681
4412,0000	-214,1681
4413,0000	-214,1681
4414,0000	-214,1681
4415,0000	-214,1681
4416,0000	-214,1681
4417,0000	-214,1681
4418,0000	-214,1681
4419,0000	-214,1681
4420,0000	-214,1681
4421,0000	-214,1681
4422,0000	-214,1681
4423,0000	-214,1681
4424,0000	-214,1681
4425,0000	-214,1681
4426,0000	-214,1681
4427,0000	-214,1681
4428,0000	-214,1681
4429,0000	-214,1681
4430,0000	-214,1681
4431,0000	-214,1681
4432,0000	-214,1681
4433,0000	-214,1681
4434,0000	-214,1681
4435,0000	-214,1681
4436,0000	-214,1681
4437,0000	-214,1681
4438,0000	-214,1681
4439,0000	-214,1681
4440,0000	-214,1681
4441,0000	-214,1681
4442,0000	-214,1681
4443,0000	-214,1681
4444,0000	-214,1681
4445,0000	-214,1681
4446,0000	-214,1681
4447,0000	-214,1681
4448,0000	-214,1681
4449,0000	-214,1681
4450,0000	-214,1681
4451,0000	-214,1681
4452,0000	-214,1681
4453,0000	-214,1681
4454,0000	-214,1681
4455,0000	-214,1681
4456,0000	-214,1681
4457,0000	-214,1681
4458,0000	-214,1681
4459,0000	-214,1681
4460,0000	-214,1681
4461,0000	-214,1681
4462,0000	-214,1681
4463,0000	-214,1681
4464,0000	-214,1681
4465,0000	-214,1681
4466,0000	-214,1681
4467,0000	-214,1681
4468,0000	-214,1681
4469,0000	-214,1681
4470,0000	-214,1681
4471,0000	-214,1681
4472,0000	-214,1681
4473,0000	-214,1681
4474,0000	-214,1681
4475,0000	-214,1681
4476,0000	-214,1681
4477,0000	-214,1681
4478,0000	-214,1681
4479,0000	-214,1681
4480,0000	-214,1681
4481,0000	-214,1681
4482,0000	-214,1681
4483,0000	-214,1681
4484,0000	-214,1681
4485,0000	-214,1681
4486,0000	-214,1681
4487,0000	-214,1681
4488,0000	-214,1681
4489,0000	-214,1681
4490,0000	-214,1681
4491,0000	-214,1681
4492,0000	-214,1681
4493,0000	-214,1681
4494,0000	-214,1681
4495,0000	-214,1681
4496,0000	-214,1681
4497,0000	-214,1681
4498,0000	-214,1681
4499,0000	-214,1681
4500,0000	-214,1681
4501,0000	-214,1681
4502,0000	-214,1681
4503,0000	-214,1681
4504,0000	-214,1681
4505,0000	-214,1681
4506,0000	-214,1681
4507,0000	-214,1681
4508,0000	-214,1681
4509,0000	-214,1681
4510,0000	-214,1681
4511,0000	-214,1681
4512,0000	-214,1681
4513,0000	-214,1681
4514,0000	-214,1681
4515,0000	-214,1681
4516,0000	-214,1681
4517,0000	-214,1681
4518,0000	-214,1681
4519,0000	-214,1681
4520,0000	-214,1681
4521,0000	-214,1681
4522,0000	-214,1681
4523,0000	-214,1681
4524,0000	-214,1681
4525,0000	-214,1681
4526,0000	-214,1681
4527,0000	-214,1681
4528,0000	-214,1681
4529,0000	-214,1681
4530,0000	-214,1681
4531,0000	-214,1681
4532,0000	-214,1681
4533,0000	-214,1681
4534,0000	-214,1681
4535,0000	-214,1681
4536,0000	-214,1681
4537,0000	-214,1681
4538,0000	-214,1681
4539,0000	-214,1681
4540,0000	-214,1681
4541,0000	-214,1681
4542,0000	-214,1681
4543,0000	-214,1681
4544,0000	-214,1681
4545,0000	-214,1681
4546,0000	-214,1681
4547,0000	-214,1681
4548,0000	-214,1681
4549,0000	-214,1681
4550,0000	-214,1681
4551,0000	-214,1681
4552,0000	-214,1681
4553,0000	-214,1681
4554,0000	-214,1681
4555,0000	-214,1681
4556,0000	-214,1681
4557,0000	-214,1681
4558,0000	-214,1681
4559,0000	-214,1681
4560,0000	-214,1681
4561,0000	-214,1681
4562,0000	-214,1681
4563,0000	-214,1681
4564,0000	-214,1681
4565,0000	-214,1681
4566,0000	-214,1681
4567,0000	-214,1681
4568,0000	-214,1681
4569,0000	-214,1681
4570,0000	-214,1681
4571,0000	-214,1681
4572,0000	-214,1681
4573,0000	-214,1681
4574,0000	-214,1681
4575,0000	-214,1681
4576,0000	-214,1681
4577,0000	-214,1681
4578,0000	-214,1681
4579,0000	-214,1681
4580,0000	-214,1681
4581,0000	-214,1681
4582,0000	-214,1681
4583,0000	-214,1681
4584,0000	-214,1681
4585,0000	-214,1681
4586,0000	-214,1681
4587,0000	-214,1681
4588,0000	-214,1681
4589,0000	-214,1681
4590,0000	-214,1681
4591,0000	-214,1681
4592,0000	-214,1681
4593,0000	-214,1681
4594,0000	-214,1681
4595,0000	-214,1681
4596,0000	-214,1681
4597,0000	-214,1681
4598,0000	-214,1681
4599,0000	-214,1681
4600,0000	-214,1681
4601,0000	-214,1681
4602,0000	-214,1681
4603,0000	-214,1681
4604,0000	-214,1681
4605,0000	-214,1681
4606,0000	-214,1681
4607,0000	-214,1681
4608,0000	-214,1681
4609,0000	-214,1681
4610,0000	-214,1681
4611,0000	-214,1681
4612,0000	-214,1681
4613,0000	-214,1681
4614,0000	-214,1681
4615,0000	-214,1681
4616,0000	-214,1681
4617,0000	-214,1681
4618,0000	-214,1681
4619,0000	-214,1681
4620,0000	-214,1681
4621,0000	-214,1681
4622,0000	-214,1681
4623,0000	-214,1681
4624,0000	-214,1681
4625,0000	-214,1681
4626,0000	-214,1681
4627,0000	-214,1681
4628,0000	-214,1681
4629,0000	-214,1681
4630,0000	-214,1681
4631,0000	-214,1681
4632,0000	-214,1681
4633,0000	-214,1681
4634,0000	-214,1681
4635,0000	-214,1681
4636,0000	-214,1681
4637,0000	-214,1681
4638,0000	-214,1681
4639,0000	-214,1681
4640,0000	-214,1681
4641,0000	-214,1681
4642,0000	-214,1681
4643,0000	-214,1681
4644,0000	-214,1681
4645,0000	-214,1681
4646,0000	-214,1681
4647,0000	-214,1681
4648,0000	-214,1681
4649,0000	-214,1681
4650,0000	-214,1681
4651,0000	-214,1681
4652,0000	-214,1681
4653,0000	-214,1681
4654,0000	-214,1681
4655,0000	-214,1681
4656,0000	-214,1681
4657,0000	-214,1681
4658,0000	-214,1681
4659,0000	-214,1681
4660,0000	-214,1681
4661,0000	-214,1681
4662,0000	-214,1681
4663,0000	-214,1681
4664,0000	-214,1681
4665,0000	-214,1681
4666,0000	-214,1681
4667,0000	-214,1681
4668,0000	-214,1681
4669,0000	-214,1681
4670,0000	-214,1681
4671,0000	-214,1681
4672,0000	-214,1681
4673,0000	-214,1681
4674,0000	-214,1681
4675,0000	-214,1681
4676,0000	-214,1681
4677,0000	-214,1681
4678,0000	-214,1681
4679,0000	-214,1681
4680,0000	-214,1681
4681,0000	-214,1681
4682,0000	-214,1681
4683,0000	-214,1681
4684,0000	-214,1681
4685,0000	-214,1681
4686,0000	-214,1681
4687,0000	-214,1681
4688,0000	-214,1681
4689,0000	-214,1681
4690,0000	-214,1681
4691,0000	-214,1681
4692,0000	-214,1681
4693,0000	-214,1681
4694,0000	-214,1681
4695,0000	-214,1681
4696,0000	-214,1681
4697,0000	-214,1681
4698,0000	-214,1681
4699,0000	-214,1681
4700,0000	-214,1681
4701,0000	-214,1681
4702,0000	-214,1681
4703,0000	-214,1681
4704,0000	-214,1681
4705,0000	-214,1681
4706,0000	-214,1681
4707,0000	-214,1681
4708,0000	-214,1681
4709,0000	-214,1681
4710,0000	-214,1681
4711,0000	-214,1681
4712,0000	-214,1681
4713,0000	-214,1681
4714,0000	-214,1681
4715,0000	-214,1681
4716,0000	-214,1681
4717,0000	-214,1681
4718,0000	-214,1681
4719,0000	-214,1681
4720,0000	-214,1681
4721,0000	-214,1681
4722,0000	-214,1681
4723,0000	-214,1681
4724,0000	-214,1681
4725,0000	-214,1681
4726,0000	-214,1681
4727,0000	-214,1681
4728,0000	-214,1681
4729,0000	-214,1681
4730,0000	-214,1681
4731,0000	-214,1681
4732,0000	-214,1681
4733,0000	-214,1681
4734,0000	-214,1681
4735,0000	-214,1681
4736,0000	-214,1681
4737,0000	-214,1681
4738,0000	-214,1681
4739,0000	-214,1681
4740,0000	-214,1681
4741,0000	-214,1681
4742,0000	-214,1681
4743,0000	-214,1681
4744,0000	-214,1681
4745,0000	-214,1681
4746,0000	-214,1681
4747,0000	-214,1681
4748,0000	-214,1681
4749,0000	-214,1681
4750,0000	-214,1681
4751,0000	-214,1681
4752,0000	-214,1681
4753,0000	-214,1681
4754,0000	-214,1681
4755,0000	-214,1681
4756,0000	-214,1681
4757,0000	-214,1681
4758,0000	-214,1681
4759,0000	-214,1681
4760,0000	-214,1681
4761,0000	-214,1681
4762,0000	-214,1681
4763,0000	-214,1681
4764,0000	-214,1681
4765,0000	-214,1681
4766,0000	-214,1681
4767,0000	-214,1681
4768,0000	-214,1681
4769,0000	-214,1681
4770,0000	-214,1681
4771,0000	-214,1681
4772,0000	-214,1681
4773,0000	-214,1681
4774,0000	-214,1681
4775,0000	-214,1681
4776,0000	-214,1681
4777,0000	-214,1681
4778,0000	-214,1681
4779,0000	-214,1681
4780,0000	-214,1681
4781,0000	-214,1681
4782,0000	-214,1681
4783,0000	-214,1681
4784,0000	-214,1681
4785,0000	-214,1681
4786,0000	-214,1681
4787,0000	-214,1681
4788,0000	-214,1681
4789,0000	-214,1681
4790,0000	-214,1681
4791,0000	-214,1681
4792,0000	-214,1681
4793,0000	-214,1681
4794,0000	-214,1681
4795,0000	-214,1681
4796,0000	-214,1681
4797,0000	-214,1681
4798,0000	-214,1681
4799,0000	-214,1681
4800,0000	-214,1681
4801,0000	-214,1681
4802,0000	-214,1681
4803,0000	-214,1681
4804,0000	-214,1681
4805,0000	-214,1681
4806,0000	-214,1681
4807,0000	-214,1681
4808,0000	-214,1681
4809,0000	-214,1681
4810,0000	-214,1681
4811,0000	-214,1681
4812,0000	-214,1681
4813,0000	-214,1681
4814,0000	-214,1681
4815,0000	-214,1681
4816,0000	-214,1681
4817,0000	-214,1681
4818,0000	-214,1681
4819,0000	-214,1681
4820,0000	-214,1681
4821,0000	-214,1681
4822,0000	-214,1681
4823,0000	-214,1681
4824,0000	-214,1681
4825,0000	-214,1681
4826,0000	-214,1681
4827,0000	-214,1681
4828,0000	-214,1681
4829,0000	-214,1681
4830,0000	-214,1681
4831,0000	-214,1681
4832,0000	-214,1681
4833,0000	-214,1681
4834,0000	-214,1681
4835,0000	-214,1681
4836,0000	-214,1681
4837,0000	-214,1681
4838,0000	-214,1681
4839,0000	-214,1681
4840,0000	-214,1681
4841,0000	-214,1681
4842,0000	-214,1681
4843,0000	-214,1681
4844,0000	-214,1681
4845,0000	-214,1681
4846,0000	-214,1681
4847,0000	-214,1681
4848,0000	-214,1681
4849,0000	-214,1681
4850,0000	-214,1681
4851,0000	-214,1681
4852,0000	-214,1681
4853,0000	-214,1681
4854,0000	-214,1681
4855,0000	-214,1681
4856,0000	-214,1681
4857,0000	-214,1681
4858,0000	-214,1681
4859,0000	-214,1681
4860,0000	-214,1681
4861,0000	-214,1681
4862,0000	-214,1681
4863,0000	-214,1681
4864,0000	-214,1681
4865,0000	-214,1681
4866,0000	-214,1681
4867,0000	-214,1681
4868,0000	-214,1681
4869,0000	-214,1681
4870,0000	-214,1681
4871,0000	-214,1681
4872,0000	-214,1681
4873,0000	-214,1681
4874,0000	-214,1681
4875,0000	-214,1681
4876,0000	-214,1681
4877,0000	-214,1681
4878,0000	-214,1681
4879,0000	-214,1681
4880,0000	-214,1681
4881,0000	-214,1681
4882,0000	-214,1681
4883,0000	-214,1681
4884,0000	-214,1681
4885,0000	-214,1681
4886,0000	-214,1681
4887,0000	-214,1681
4888,0000	-214,1681
4889,0000	-214,1681
4890,0000	-214,1681
4891,0000	-214,1681
4892,0000	-214,1681
4893,0000	-214,1681
4894,0000	-214,1681
4895,0000	-214,1681
4896,0000	-214,1681
4897,0000	-214,1681
4898,0000	-214,1681
4899,0000	-214,1681
4900,0000	-214,1681
4901,0000	-214,1681
4902,0000	-214,1681
4903,0000	-214,1681
4904,0000	-214,1681
4905,0000	-214,1681
4906,0000	-214,1681
4907,0000	-214,1681
4908,0000	-214,1681
4909,0000	-214,1681
4910,0000	-214,1681
4911,0000	-214,1681
4912,0000	-214,1681
4913,0000	-214,1681
4914,0000	-214,1681
4915,0000	-214,1681
4916,0000	-214,1681
4917,0000	-214,1681
4918,0000	-214,1681
4919,0000	-214,1681
4920,0000	-214,1681
4921,0000	-214,1681
4922,0000	-214,1681
4923,0000	-214,1681
4924,0000	-214,1681
4925,0000	-214,1681
4926,0000	-214,1681
4927,0000	-214,1681
4928,0000	-214,1681
4929,0000	-214,1681
4930,0000	-214,1681
4931,0000	-214,1681
4932,0000	-214,1681
4933,0000	-214,1681
4934,0000	-214,1681
4935,0000	-214,1681
4936,0000	-214,1681
4937,0000	-214,1681
4938,0000	-214,1681
4939,0000	-214,1681
4940,0000	-214,1681
4941,0000	-214,1681
4942,0000	-214,1681
4943,0000	-214,1681
4944,0000	-214,1681
4945,0000	-214,1681
4946,0000	-214,1681
4947,0000	-214,1681
4948,0000	-214,1681
4949,0000	-214,1681
4950,0000	-214,1681
4951,0000	-214,1681
4952,0000	-214,1681
4953,0000	-214,1681
4954,0000	-214,1681
4955,0000	-214,1681
4956,0000	-214,1681
4957,0000	-214,1681
4958,0000	-214,1681
4959,0000	-214,1681
4960,0000	-214,1681
4961,0000	-214,1681
4962,0000	-214,1681
4963,0000	-214,1681
4964,0000	-214,1681
4965,0000	-214,1681
4966,0000	-214,1681
4967,0000	-214,1681
4968,0000	-214,1681
4969,0000	-214,1681
4970,0000	-214,1681
4971,0000	-214,1681
4972,0000	-214,1681
4973,0000	-214,1681
4974,0000	-214,1681
4975,0000	-214,1681
4976,0000	-214,1681
4977,0000	-214,1681
4978,0000	-214,1681
4979,0000	-214,1681
4980,0000	-214,1681
4981,0000	-214,1681
4982,0000	-214,1681
4983,0000	-214,1681
4984,0000	-214,1681
4985,0000	-214,1681
4986,0000	-214,1681
4987,0000	-214,1681
4988,0000	-214,1681
4989,0000	-214,1681
4990,0000	-214,1681
4991,0000	-214,1681
4992,0000	-214,1681
4993,0000	-214,1681
4994,0000	-214,1681
4995,0000	-214,1681
4996,0000	-214,1681
4997,0000	-214,1681
4998,0000	-214,1681
4999,0000	-214,1681
5000,0000	-214,1681
5001,0000	-214,1681
5002,0000	-214,1681
5003,0000	-214,1681
5004,0000	-214,1681
5005,0000	-214,1681
5006,0000	-214,1681
5007,0000	-214,1681
5008,0000	-214,1681
5009,0000	-214,1681
5010,0000	-214,1681
5011,0000	-214,1681
5012,0000	-214,1681
5013,0000	-214,1681
5014,0000	-214,1681
5015,0000	-214,1681
5016,0000	-214,1681
5017,0000	-214,1681
5018,0000	-214,1681
5019,0000	-214,1681
5020,0000	-214,1681
5021,0000	-214,1681
5022,0000	-214,1681
5023,0000	-214,1681
5024,0000	-214,1681
5025,0000	-214,1681
5026,0000	-214,1681
5027,0000	-214,1681
5028,0000	-214,1681
5029,0000	-214,1681
5030,0000	-214,1681
5031,0000	-214,1681
5032,0000	-214,1681
5033,0000	-214,1681
5034,0000	-214,1681
5035,0000	-214,1681
5036,0000	-214,1681
5037,0000	-214,1681
5038,0000	-214,1681
5039,0000	-214,1681
5040,0000	-214,1681
5041,0000	-214,1681
5042,0000	-214,1681
5043,0000	-214,1681
5044,0000	-214,1681
5045,0000	-214,1681
5046,0000	-214,1681
5047,0000	-214,1681
5048,0000	-214,1681
5049,0000	-214,1681
5050,0000	-214,1681
5051,0000	-214,1681
5052,0000	-214,1681
5053,0000	-214,1681
5054,0000	-214,1681
5055,0000	-214,1681
5056,0000	-214,1681
5057,0000	-214,1681
5058,0000	-214,1681
5059,0000	-214,1681
5060,0000	-214,1681
5061,0000	-214,1681
5062,0000	-214,1681
5063,0000	-214,1681
5064,0000	-214,1681
5065,0000	-214,1681
5066,0000	-214,1681
5067,0000	-214,1681
5068,0000	-214,1681
5069,0000	-214,1681
5070,0000	-214,1681
5071,0000	-214,1681
5072,0000	-214,1681
5073,0000	-214,1681
5074,0000	-214,1681
5075,0000	-214,1681
5076,0000	-214,1681
5077,0000	-214,1681
5078,0000	-214,1681
5079,0000	-214,1681
5080,0000	-214,1681
5081,0000	-214,1681
5082,0000	-214,1681
5083,0000	-214,1681
5084,0000	-214,1681
5085,0000	-214,1681
5086,0000	-214,1681
5087,0000	-214,1681
5088,0000	-214,1681
5089,0000	-214,1681
5090,0000	-214,1681
5091,0000	-214,1681
5092,0000	-214,1681
5093,0000	-214,1681
5094,0000	-214,1681
5095,0000	-214,1681
5096,0000	-214,1681
5097,0000	-214,1681
5098,0000	-214,1681
5099,0000	-214,1681
5100,0000	-214,1681
5101,0000	-214,1681
5102,0000	-214,1681
5103,0000	-214,1681
5104,0000	-214,1681
5105,0000	-214,1681
5106,0000	-214,1681
5107,0000	-214,1681
5108,0000	-214,1681
5109,0000	-214,1681
5110,0000	-214,1681
5111,0000	-214,1681
5112,0000	-214,1681
5113,0000	-214,1681
5114,0000	-214,1681
5115,0000	-214,1681
5116,0000	-214,1681
5117,0000	-214,1681
5118,0000	-214,1681
5119,0000	-214,1681
5120,0000	-214,1681
5121,0000	-214,1681
5122,0000	-214,1681
5123,0000	-214,1681
5124,0000	-214,1681
5125,0000	-214,1681
5126,0000	-214,1681
5127,0000	-214,1681
5128,0000	-214,1681
5129,0000	-214,1681
5130,0000	-214,1681
5131,0000	-214,1681
5132,0000	-214,1681
5133,0000	-214,1681
5134,0000	-214,1681
5135,0000	-214,1681
5136,0000	-214,1681
5137,0000	-214,1681
5138,0000	-214,1681
5139,0000	-214,1681
5140,0000	-214,1681
5141,0000	-214,1681
5142,0000	-214,1681
5143,0000	-214,1681
5144,0000	-214,1681
5145,0000	-214,1681
5146,0000	-214,1681
5147,0000	-214,1681
5148,0000	-214,1681
5149,0000	-214,1681
5150,0000	-214,1681
5151,0000	-214,1681
5152,0000	-214,1681
5153,0000	-214,1681
5154,0000	-214,1681
5155,0000	-214,1681
5156,0000	-214,1681
5157,0000	-214,1681
5158,0000	-214,1681
5159,0000	-214,1681
5160,0000	-214,1681
5161,0000	-214,1681
5162,0000	-214,1681
5163,0000	-214,1681
5164,0000	-214,1681
5165,0000	-214,1681
5166,0000	-214,1681
5167,0000	-214,1681
5168,0000	-214,1681
5169,0000	-214,1681
5170,0000	-214,1681
5171,0000	-214,1681
5172,0000	-214,1681
5173,0000	-214,1681
5174,0000	-214,1681
5175,0000	-214,1681
5176,0000	-214,1681
5177,0000	-214,1681
5178,0000	-214,1681
5179,0000	-214,1681
5180,0000	-214,1681
5181,0000	-214,1681
5182,0000	-214,1681
5183,0000	-214,1681
5184,0000	-214,1681
5185,0000	-214,1681
5186,0000	-214,1681
5187,0000	-214,1681
5188,0000	-214,1681
5189,0000	-214,1681
5190,0000	-214,1681
5191,0000	-214,1681
5192,0000	-214,1681
5193,0000	-214,1681
5194,0000	-214,1681
5195,0000	-214,1681
5196,0000	-214,1681
5197,0000	-214,1681
5198,0000	-214,1681
5199,0000	-214,1681
5200,0000	-214,1681
5201,0000	-214,1681
5202,0000	-214,1681
5203,0000	-214,1681
5204,0000	-214,1681
5205,0000	-214,1681
5206,0000	-214,1681
5207,0000	-214,1681
5208,0000	-214,1681
5209,0000	-214,1681
5210,0000	-214,1681
5211,0000	-214,1681
5212,0000	-214,1681
5213,0000	-214,1681
5214,0000	-214,1681
5215,0000	-214,1681
5216,0000	-214,1681
5217,0000	-214,1681
5218,0000	-214,1681
5219,0000	-214,1681
5220,0000	-214,1681
5221,0000	-214,1681
5222,0000	-214,1681
5223,0000	-214,1681
5224,0000	-214,1681
5225,0000	-214,1681
5226,0000	-214,1681
5227,0000	-214,1681
5228,0000	-214,1681
5229,0000	-214,1681
5230,0000	-214,1681
5231,0000	-214,1681
5232,0000	-214,1681
5233,0000	-214,1681
5234,0000	-214,1681
5235,0000	-214,1681
5236,0000	-214,1681
5237,0000	-214,1681
5238,0000	-214,1681
5239,0000	-214,1681
5240,0000	-214,1681
5241,0000	-214,1681
5242,0000	-214,1681
5243,0000	-214,1681
5244,0000	-214,1681
5245,0000	-214,1681
5246,0000	-214,1681
5247,0000	-214,1681
5248,0000	-214,1681
5249,0000	-214,1681
5250,0000	-214,1681
5251,0000	-214,1681
5252,0000	-214,1681
5253,0000	-214,1681
5254,0000	-214,1681
5255,0000	-214,1681
5256,0000	-214,1681
5257,0000	-214,1681
5258,0000	-214,1681
5259,0000	-214,1681
5260,0000	-214,1681
5261,0000	-214,1681
5262,0000	-214,1681
5263,0000	-214,1681
5264,0000	-214,1681
5265,0000	-214,1681
5266,0000	-214,1681
5267,0000	-214,1681
5268,0000	-214,1681
5269,0000	-214,1681
5270,0000	-214,1681
5271,0000	-214,1681
5272,0000	-214,1681
5273,0000	-214,1681
5274,0000	-214,1681
5275,0000	-214,1681
5276,0000	-214,1681
5277,0000	-214,1681
5278,0000	-214,1681
5279,0000	-214,1681
5280,0000	-214,1681
5281,0000	-214,1681
5282,0000	-214,1681
5283,0000	-214,1681
5284,0000	-214,1681
5285,0000	-214,1681
5286,0000	-214,1681
5287,0000	-214,1681
5288,0000	-214,1681
5289,0000	-214,1681
5290,0000	-214,1681
5291,0000	-214,1681
5292,0000	-214,1681
5293,0000	-214,1681
5294,0000	-214,1681
5295,0000	-214,1681
5296,0000	-214,1681
5297,0000	-214,1681
5298,0000	-214,1681
5299,0000	-214,1681
5300,0000	-214,1681
5301,0000	-214,1681
5302,0000	-214,1681
5303,0000	-214,1681
5304,0000	-214,1681
5305,0000	-214,1681
5306,0000	-214,1681
5307,0000	-214,1681
5308,0000	-214,1681
5309,0000	-214,1681
5310,0000	-214,1681
5311,0000	-214,1681
5312,0000	-214,1681
5313,0000	-214,1681
5314,0000	-214,1681
5315,0000	-214,1681
5316,0000	-214,1681
5317,0000	-214,1681
5318,0000	-214,1681
5319,0000	-214,1681
5320,0000	-214,1681
5321,0000	-214,1681
5322,0000	-214,1681
5323,0000	-214,1681
5324,0000	-214,1681
5325,0000	-214,1681
5326,0000	-214,1681
5327,0000	-214,1681
5328,0000	-214,1681
5329,0000	-214,1681
5330,0000	-214,1681
5331,0000	-214,1681
5332,0000	-214,1681
5333,0000	-214,1681
5334,0000	-214,1681
5335,0000	-214,1681
5336,0000	-214,1681
5337,0000	-214,1681
5338,0000	-214,1681
5339,0000	-214,1681
5340,0000	-214,1681
5341,0000	-214,1681
5342,0000	-214,1681
5343,0000	-214,1681
5344,0000	-214,1681
5345,0000	-214,1681
5346,0000	-214,1681
5347,0000	-214,1681
5348,0000	-214,1681
5349,0000	-214,1681
5350,0000	-214,1681
5351,0000	-214,1681
5352,0000	-214,1681
5353,0000	-214,1681
5354,0000	-214,1681
5355,0000	-214,1681
5356,0000	-214,1681
5357,0000	-214,1681
5358,0000	-214,1681
5359,0000	-214,1681
5360,0000	-214,1681
5361,0000	-214,1681
5362,0000	-214,1681
5363,0000	-214,1681
5364,0000	-214,1681
5365,0000	-214,1681
5366,0000	-214,1681
5367,0000	-214,1681
5368,0000	-214,1681
5369,0000	-214,1681
5370,0000	-214,1681
5371,0000	-214,1681
5372,0000	-214,1681
5373,0000	-214,1681
5374,0000	-214,1681
5375,0000	-214,1681
5376,0000	-214,1681
5377,0000	-214,1681
5378,0000	-214,1681
5379,0000	-214,1681
5380,0000	-214,1681
5381,0000	-214,1681
5382,0000	-214,1681
5383,0000	-214,1681
5384,0000	-214,1681
5385,0000	-214,1681
5386,0000	-214,1681
5387,0000	-214,1681
5388,0000	-214,1681
5389,0000	-214,1681
5390,0000	-214,1681
5391,0000	-214,1681
5392,0000	-214,1681
5393,0000	-214,1681
5394,0000	-214,1681
5395,0000	-214,1681
5396,0000	-214,1681
5397,0000	-214,1681
5398,0000	-214,1681
5399,0000	-214,1681
5400,0000	-214,1681
5401,0000	-214,1681
5402,0000	-214,1681
5403,0000	-214,1681
5404,0000	-214,1681
5405,0000	-214,1681
5406,0000	-214,1681
5407,0000	-214,1681
5408,0000	-214,1681
5409,0000	-214,1681
5410,0000	-214,1681
5411,0000	-214,1681
5412,0000	-214,1681
5413,0000	-214,1681
5414,0000	-214,1681
5415,0000	-214,1681
5416,0000	-214,1681
5417,0000	-214,1681
5418,0000	-214,1681
5419,0000	-214,1681
5420,0000	-214,1681
5421,0000	-214,1681
5422,0000	-214,1681
5423,0000	-214,1681
5424,0000	-214,1681
5425,0000	-214,1681
5426,0000	-214,1681
5427,0000	-214,1681
5428,0000	-214,1681
5429,0000	-214,1681
5430,0000	-214,1681
5431,0000	-214,1681
5432,0000	-214,1681
5433,0000	-214,1681
5434,0000	-214,1681
5435,0000	-214,1681
5436,0000	-214,1681
5437,0000	-214,1681
5438,0000	-214,1681
5439,0000	-214,1681
5440,0000	-214,1681
5441,0000	-214,1681
5442,0000	-214,1681
5443,0000	-214,1681
5444,0000	-214,1681
5445,0000	-214,1681
5446,0000	-214,1681
5447,0000	-214,1681
5448,0000	-214,1681
5449,0000	-214,1681
5450,0000	-214,1681
5451,0000	-214,1681
5452,0000	-214,1681
5453,0000	-214,1681
5454,0000	-214,1681
5455,0000	-214,1681
5456,0000	-214,1681
5457,0000	-214,1681
5458,0000	-214,1681
5459,0000	-214,1681
5460,0000	-214,1681
5461,0000	-214,1681
5462,0000	-214,1681
5463,0000	-214,1681
5464,0000	-214,1681
5465,0000	-214,1681
5466,0000	-214,1681
5467,0000	-214,1681
5468,0000	-214,1681
5469,0000	-214,1681
5470,0000	-214,1681
5471,0000	-214,1681
5472,0000	-214,1681
5473,0000	-214,1681
5474,0000	-214,1681
5475,0000	-214,1681
5476,0000	-214,1681
5477,0000	-214,1681
5478,0000	-214,1681
5479,0000	-214,1681
5480,0000	-214,1681
5481,0000	-214,1681
5482,0000	-214,1681
5483,0000	-214,1681
5484,0000	-214,1681
5485,0000	-214,1681
5486,0000	-214,1681
5487,0000	-214,1681
5488,0000	-214,1681
5489,0000	-214,1681
5490,0000	-214,1681
5491,0000	-214,1681
5492,0000	-214,1681
5493,0000	-214,1681
5494,0000	-214,1681
5495,0000	-214,1681
5496,0000	-214,1681
5497,0000	-214,1681
5498,0000	-214,1681
5499,0000	-214,1681
5500,0000	-214,1681
5501,0000	-214,1681
5502,0000	-214,1681
5503,0000	-214,1681
5504,0000	-214,1681
5505,0000	-214,1681
5506,0000	-214,1681
5507,0000	-214,1681
5508,0000	-214,1681
5509,0000	-214,1681
5510,0000	-214,1681
5511,0000	-214,1681
5512,0000	-214,1681
5513,0000	-214,1681
5514,0000	-214,1681
5515,0000	-214,1681
5516,0000	-214,1681
5517,0000	-214,1681
5518,0000	-214,1681
5519,0000	-214,1681
5520,0000	-214,1681
5521,0000	-214,1681
5522,0000	-214,1681
5523,0000	-214,1681
5524,0000	-214,1681
5525,0000	-214,1681
5526,0000	-214,1681
5527,0000	-214,1681
5528,0000	-214,1681
5529,0000	-214,1681
5530,0000	-214,1681
5531,0000	-214,1681
5532,0000	-214,1681
5533,0000	-214,1681
5534,0000	-214,1681
5535,0000	-214,1681
5536,0000	-214,1681
5537,0000	-214,1681
5538,0000	-214,1681
5539,0000	-214,1681
5540,0000	-214,1681
5541,0000	-214,1681
5542,0000	-214,1681
5543,0000	-214,1681
5544,0000	-214,1681
5545,0000	-214,1681
5546,0000	-214,1681
5547,0000	-214,1681
5548,0000	-214,1681
5549,0000	-214,1681
5550,0000	-214,1681
5551,0000	-214,1681
5552,0000	-214,1681
5553,0000	-214,1681
5554,0000	-214,1681
5555,0000	-214,1681
5556,0000	-214,1681
5557,0000	-214,1681
5558,0000	-214,1681
5559,0000	-214,1681
5560,0000	-214,1681
5561,0000	-214,1681
5562,0000	-214,1681
5563,0000	-214,1681
5564,0000	-214,1681
5565,0000	-214,1681
5566,0000	-214,1681
5567,0000	-214,1681
5568,0000	-214,1681
5569,0000	-214,1681
5570,0000	-214,1681
5571,0000	-214,1681
5572,0000	-214,1681
5573,0000	-214,1681
5574,0000	-214,1681
5575,0000	-214,1681
5576,0000	-214,1681
5577,0000	-214,1681
5578,0000	-214,1681
5579,0000	-214,1681
5580,0000	-214,1681
5581,0000	-214,1681
5582,0000	-214,1681
5583,0000	-214,1681
5584,0000	-214,1681
5585,0000	-214,1681
5586,0000	-214,1681
5587,0000	-214,1681
5588,0000	-214,1681
5589,0000	-214,1681
5590,0000	-214,1681
5591,0000	-214,1681
5592,0000	-214,1681
5593,0000	-214,1681
5594,0000	-214,1681
5595,0000	-214,1681
5596,0000	-214,1681
5597,0000	-214,1681
5598,0000	-214,1681
5599,0000	-214,1681
5600,0000	-214,1681
5601,0000	-214,1681
5602,0000	-214,1681
5603,0000	-214,1681
5604,0000	-214,1681
5605,0000	-214,1681
5606,0000	-214,1681
5607,0000	-214,1681
5608,0000	-214,1681
5609,0000	-214,1681
5610,0000	-214,1681
5611,0000	-214,1681
5612,0000	-214,1681
5613,0000	-214,1681
5614,0000	-214,1681
5615,0000	-214,1681
5616,0000	-214,1681
5617,0000	-214,1681
5618,0000	-214,1681
5619,0000	-214,1681
5620,0000	-214,1681
5621,0000	-214,1681
5622,0000	-214,1681
5623,0000	-214,1681
5624,0000	-214,1681
5625,0000	-214,1681
5626,0000	-214,1681
5627,0000	-214,1681
5628,0000	-214,1681
5629,0000	-214,1681
5630,0000	-214,1681
5631,0000	-214,1681
5632,0000	-214,1681
5633,0000	-214,1681
5634,0000	-214,1681
5635,0000	-214,1681
5636,0000	-214,1681
5637,0000	-214,1681
5638,0000	-214,1681
5639,0000	-214,1681
5640,0000	-214,1681
5641,0000	-214,1681
5642,0000	-214,1681
5643,0000	-214,1681
5644,0000	-214,1681
5645,0000	-214,1681
5646,0000	-214,1681
5647,0000	-214,1681
5648,0000	-214,1681
5649,0000	-214,1681
5650,0000	-214,1681
5651,0000	-214,1681
5652,0000	-214,1681
5653,0000	-214,1681
5654,0000	-214,1681
5655,0000	-214,1681
5656,0000	-214,1681
5657,0000	-214,1681
5658,0000	-214,1681
5659,0000	-214,1681
5660,0000	-214,1681
5661,0000	-214,1681
5662,0000	-214,1681
5663,0000	-214,1681
5664,0000	-214,1681
5665,0000	-214,1681
5666,0000	-214,1681
5667,0000	-214,1681
5668,0000	-214,1681
5669,0000	-214,1681
5670,0000	-214,1681
5671,0000	-214,1681
5672,0000	-214,1681
5673,0000	-214,1681
5674,0000	-214,1681
5675,0000	-214,1681
5676,0000	-214,1681
5677,0000	-214,1681
5678,0000	-214,1681
5679,0000	-214,1681
5680,0000	-214,1681
5681,0000	-214,1681
5682,0000	-214,1681
5683,0000	-214,1681
5684,0000	-214,1681
5685,0000	-214,1681
5686,0000	-214,1681
5687,0000	-214,1681
5688,0000	-214,1681
5689,0000	-214,1681
5690,0000	-214,1681
5691,0000	-214,1681
5692,0000	-214,1681
5693,0000	-214,1681
5694,0000	-214,1681
5695,0000	-214,1681
5696,0000	-214,1681
5697,0000	-214,1681
5698,0000	-214,1681
5699,0000	-214,1681
5700,0000	-214,1681
5701,0000	-214,1681
5702,0000	-214,1681
5703,0000	-214,1681
5704,0000	-214,1681
5705,0000	-214,1681
5706,0000	-214,1681
5707,0000	-214,1681
5708,0000	-214,1681
5709,0000	-214,1681
5710,0000	-214,1681
5711,0000	-214,1681
5712,0000	-214,1681
5713,0000	-214,1681
5714,0000	-214,1681
5715,0000	-214,1681
5716,0000	-214,1681
5717,0000	-214,1681
5718,0000	-214,1681
5719,0000	-214,1681
5720,0000	-214,1681
5721,0000	-214,1681
5722,0000	-214,1681
5723,0000	-214,1681
5724,0000	-214,1681
5725,0000	-214,1681
5726,0000	-214,1681
5727,0000	-214,1681
5728,0000	-214,1681
5729,0000	-214,1681
5730,0000	-214,1681
5731,0000	-214,1681
5732,0000	-214,1681
5733,0000	-214,1681
5734,0000	-214,1681
5735,0000	-214,1681
5736,0000	-214,1681
5737,0000	-214,1681
5738,0000	-214,1681
5739,0000	-214,1681
5740,0000	-214,1681
5741,0000	-214,1681
5742,0000	-214,1681
5743,0000	-214,1681
5744,0000	-214,1681
5745,0000	-214,1681
5746,0000	-214,1681
5747,0000	-214,1681
5748,0000	-214,1681
5749,0000	-214,1681
5750,0000	-214,1681
5751,0000	-214,1681
5752,0000	-214,1681
5753,0000	-214,1681
5754,0000	-214,1681
5755,0000	-214,1681
5756,0000	-214,1681
5757,0000	-214,1681
5758,0000	-214,1681
5759,0000	-214,1681
5760,0000	-214,1681
5761,0000	-214,1681
5762,0000	-214,1681
5763,0000	-214,1681
5764,0000	-214,1681
5765,0000	-214,1681
5766,0000	-214,1681
5767,0000	-214,1681
5768,0000	-214,1681
5769,0000	-214,1681
5770,0000	-214,1681
5771,0000	-214,1681
5772,0000	-214,1681
5773,0000	-214,1681
5774,0000	-214,1681
5775,0000	-214,1681
5776,0000	-214,1681
5777,0000	-214,1681
5778,0000	-214,1681
5779,0000	-214,1681
5780,0000	-214,1681
5781,0000	-214,1681
5782,0000	-214,1681
5783,0000	-214,1681
5784,0000	-214,1681
5785,0000	-214,1681
5786,0000	-214,1681
5787,0000	-214,1681
5788,0000	-214,1681
5789,0000	-214,1681
5790,0000	-214,1681
5791,0000	-214,1681
5792,0000	-214,1681
5793,0000	-214,1681
5794,0000	-214,1681
5795,0000	-214,1681
5796,0000	-214,1681
5797,0000	-214,1681
5798,0000	-214,1681
5799,0000	-214,1681
5800,0000	-214,1681
5801,0000	-214,1681
5802,0000	-214,1681
5803,0000	-214,1681
5804,0000	-214,1681
5805,0000	-214,1681
5806,0000	-214,1681
5807,0000	-214,1681
5808,0000	-214,1681
5809,0000	-214,1681
5810,0000	-214,1681
5811,0000	-214,1681
5812,0000	-214,1681
5813,0000	-214,1681
5814,0000	-214,1681
5815,0000	-214,1681
5816,0000	-214,1681
5817,0000	-214,1681
5818,0000	-214,1681
5819,0000	-214,1681
5820,0000	-214,1681
5821,0000	-214,1681
5822,0000	-214,1681
5823,0000	-214,1681
5824,0000	-214,1681
5825,0000	-214,1681
5826,0000	-214,1681
5827,0000	-214,1681
5828,0000	-214,1681
5829,0000	-214,1681
5830,0000	-214,1681
5831,0000	-214,1681
5832,0000	-214,1681
5833,0000	-214,1681
5834,0000	-214,1681
5835,0000	-214,1681
5836,0000	-214,1681
5837,0000	-214,1681
5838,0000	-214,1681
5839,0000	-214,1681
5840,0000	-214,1681
5841,0000	-214,1681
5842,0000	-214,1681
5843,0000	-214,1681
5844,0000	-214,1681
5845,0000	-214,1681
5846,0000	-214,1681
5847,0000	-214,1681
5848,0000	-214,1681
5849,0000	-214,1681
5850,0000	-214,1681
5851,0000	-214,1681
5852,0000	-214,1681
5853,0000	-214,1681
5854,0000	-214,1681
5855,0000	-214,1681
5856,0000	-214,1681
5857,0000	-214,1681
5858,0000	-214,1681
5859,0000	-214,1681
5860,0000	-214,1681
5861,0000	-214,1681
5862,0000	-214,1681
5863,0000	-214,1681
5864,0000	-214,1681
5865,0000	-214,1681
5866,0000	-214,1681
5867,0000	-214,1681
5868,0000	-214,1681
5869,0000	-214,1681
5870,0000	-214,1681
5871,0000	-214,1681
5872,0000	-214,1681
5873,0000	-214,1681
5874,0000	-214,1681
5875,0000	-214,1681
5876,0000	-214,1681
5877,0000	-214,1681
5878,0000	-214,1681
5879,0000	-214,1681
5880,0000	-214,1681
5881,0000	-214,1681
5882,0000	-214,1681
5883,0000	-214,1681
5884,0000	-214,1681
5885,0000	-214,1681
5886,0000	-214,1681
5887,0000	-214,1681
5888,0000	-214,1681
5889,0000	-214,1681
5890,0000	-214,1681
5891,0000	-214,1681
5892,0000	-214,1681
5893,0000	-214,1681
5894,0000	-214,1681
5895,0000	-214,1681
5896,0000	-214,1681
5897,0000	-214,1681
5898,0000	-214,1681
5899,0000	-214,1681
5900,0000	-214,1681
5901,0000	-214,1681
5902,0000	-214,1681
5903,0000	-214,1681
5904,0000	-214,1681
5905,0000	-214,1681
5906,0000	-214,1681
5907,0000	-214,1681
5908,0000	-214,1681
5909,0000	-214,1681
5910,0000	-214,1681
5911,0000	-214,1681
5912,0000	-214,1681
5913,0000	-214,1681
5914,0000	-214,1681
5915,0000	-214,1681
5916,0000	-214,1681
5917,0000	-214,1681
5918,0000	-214,1681
5919,0000	-214,1681
5920,0000	-214,1681
5921,0000	-214,1681
5922,0000	-214,1681
5923,0000	-214,1681
5924,0000	-214,1681
5925,0000	-214,1681
5926,0000	-214,1681
5927,0000	-214,1681
5928,0000	-214,1681
5929,0000	-214,1681
5930,0000	-214,1681
5931,0000	-214,1681
5932,0000	-214,1681
5933,0000	-214,1681
5934,0000	-214,1681
5935,0000	-214,1681
5936,0000	-214,1681
5937,0000	-214,1681
5938,0000	-214,1681
5939,0000	-214,1681
5940,0000	-214,1681
5941,0000	-214,1681
5942,0000	-214,1681
5943,0000	-214,1681
5944,0000	-214,1681
5945,0000	-214,1681
5946,0000	-214,1681
5947,0000	-214,1681
5948,0000	-214,1681
5949,0000	-214,1681
5950,0000	-214,1681
5951,0000	-214,1681
5952,0000	-214,1681
5953,0000	-214,1681
5954,0000	-214,1681
5955,0000	-214,1681
5956,0000	-214,1681
5957,0000	-214,1681
5958,0000	-214,1681
5959,0000	-214,1681
5960,0000	-214,1681
5961,0000	-214,1681
5962,0000	-214,1681
5963,0000	-214,1681
5964,0000	-214,1681
5965,0000	-214,1681
5966,0000	-214,1681
5967,0000	-214,1681
5968,0000	-214,1681
5969,0000	-214,1681
5970,0000	-214,1681
5971,0000	-214,1681
5972,0000	-214,1681
5973,0000	-214,1681
5974,0000	-214,1681
5975,0000	-214,1681
5976,0000	-214,1681
5977,0000	-214,1681
5978,0000	-214,1681
5979,0000	-214,1681
5980,0000	-214,1681
5981,0000	-214,1681
5982,0000	-214,1681
5983,0000	-214,1681
5984,0000	-214,1681
5985,0000	-214,1681
5986,0000	-214,1681
5987,0000	-214,1681
5988,0000	-214,1681
5989,0000	-214,1681
5990,0000	-214,1681
5991,0000	-214,1681
5992,0000	-214,1681
5993,0000	-214,1681
5994,0000	-214,1681
5995,0000	-214,1681
5996,0000	-214,1681
5997,0000	-214,1681
5998,0000	-214,1681
5999,0000	-214,1681
6000,0000	-214,1681
6001,0000	-214,1681
