Vernier Format 2
Bandlücke-Si_try.txt 20.10.2014 17:56:15 ,
Latest
Time	Winkel	Pyro	Sample	Wellenlänge	Energie
t	Pot	Pot	Pot	Lambda	E
s	°	V	V	nm	eV

0	-86,790747839	0,483516	0,212454	-1649,15676524	-0,751293040246
0,5	-86,5294013	0,483516	0,225885	-1648,71782494	-0,751493057975
1	-86,007777124	0,445665	0,205128	-1647,73919041	-0,751939388957
1,5	-85,746430585	0,437118	0,203907	-1647,19751115	-0,752186663478
2	-85,420415475	0,409035	0,185592	-1646,47375699	-0,752517308422
2,5	-84,96345987	0,385836	0,18315	-1645,36959852	-0,753022300348
3	-84,636910309	0,372405	0,17094	-1644,51642302	-0,753412968491
3,5	-84,376098221	0,350427	0,174603	-1643,79662802	-0,753742877237
4	-83,788736572	0,338217	0,150183	-1642,05091066	-0,754544205638
4,5	-83,527924484	0,313797	0,163614	-1641,22040587	-0,754926026737
5	-83,005765857	0,304029	0,136752	-1639,45551524	-0,755738712324
5,5	-82,744953769	0,279609	0,151404	-1638,52297242	-0,756168830621
6	-82,48360723	0,261294	0,117216	-1637,5544625	-0,756616056671
6,5	-81,961448603	0,246642	0,141636	-1635,51740553	-0,757558431239
7	-81,635433493	0,223443	0,0976801	-1634,17665585	-0,758179965162
7,5	-81,178477888	0,222222	0,128205	-1632,20836678	-0,759094258565
8	-80,9176658	0,19536	0,0952381	-1631,03839913	-0,759638767953
8,5	-80,395507173	0,194139	0,111111	-1628,59452826	-0,760778682784
9	-80,068957612	0,185592	0,0989011	-1626,99741242	-0,761525488942
9,5	-79,873348546	0,173382	0,0891331	-1626,01539732	-0,761985404347
10	-79,285986897	0,144078	0,0842491	-1622,95282214	-0,763423300479
10,5	-79,090377831	0,157509	0,0854701	-1621,89501793	-0,763921207171
11	-78,43781316	0,147741	0,0842491	-1618,22945744	-0,765651616526
11,5	-78,242204094	0,133089	0,0671551	-1617,08977601	-0,766191227218
12	-77,980857555	0,1221	0,0830281	-1615,53767556	-0,766927332457
12,5	-77,458698928	0,115995	0,0549451	-1612,33601497	-0,768450241451
13	-77,132683818	0,114774	0,0854701	-1610,26910319	-0,769436610033
13,5	-76,675728213	0,107448	0,0573871	-1607,28430486	-0,770865487989
14	-76,349713103	0,0989011	0,0598291	-1605,09230002	-0,771918225505
14,5	-75,827554476	0,101343	0,0671551	-1601,47325843	-0,773662621888
15	-75,566742388	0,0879121	0,0622711	-1599,61576076	-0,774561010459
15,5	-75,044583761	0,0781441	0,0512821	-1595,79739191	-0,776414353279
16	-74,783237222	0,101343	0,0610501	-1593,83646418	-0,777369590822
16,5	-74,522425134	0,0708181	0,0525031	-1591,84648689	-0,778341385433
17	-73,935063485	0,100122	0,0610501	-1587,24423856	-0,780598202785
17,5	-73,674251397	0,0732601	0,047619	-1585,14714842	-0,78163090489
18	-73,15209277	0,102564	0,0549451	-1580,85000957	-0,783755569789
18,5	-72,956483704	0,0891331	0,0573871	-1579,20640702	-0,784571284977
19	-72,629934143	0,0830281	0,037851	-1576,42157599	-0,785957271122
19,5	-72,107775516	0,102564	0,0659341	-1571,86221546	-0,788237027273
20	-71,781760406	0,0854701	0,040293	-1568,94930721	-0,789700466616
20,5	-71,324804801	0,100122	0,0561661	-1564,78098474	-0,791804100436
21	-70,998789691	0,102564	0,0500611	-1561,74624232	-0,793342712425
21,5	-70,541834086	0,0976801	0,046398	-1557,40754569	-0,79555284256
22	-70,215284525	0,120879	0,0573871	-1554,24632069	-0,797170939707
22,5	-70,019675459	0,108669	0,0525031	-1552,32850455	-0,798155800378
23	-69,43231381	0,113553	0,0500611	-1546,46117452	-0,801184032559
23,5	-69,171501722	0,130647	0,0573871	-1543,80370365	-0,802563173716
24	-68,584140073	0,123321	0,0500611	-1537,70189346	-0,805747853515
24,5	-68,388531007	0,14652	0,0610501	-1535,63390562	-0,806832927733
25	-67,801169358	0,135531	0,0549451	-1529,31682657	-0,810165675598
25,5	-67,539822819	0,159951	0,0573871	-1526,45433777	-0,811684941593
26	-67,279010731	0,152625	0,0549451	-1523,56604073	-0,813223691577
26,5	-66,756852104	0,181929	0,0683761	-1517,68871777	-0,816372939651
27	-66,496040016	0,167277	0,0549451	-1514,70582935	-0,817980611148
27,5	-65,973881389	0,211233	0,0659341	-1508,63968349	-0,821269660051
28	-65,71253485	0,197802	0,0537241	-1505,5564235	-0,822951555092
28,5	-65,516925784	0,216117	0,0659341	-1503,22820719	-0,824226151475
29	-64,929564135	0,213675	0,0647131	-1496,1320137	-0,828135477791
29,5	-64,733955069	0,233211	0,0610501	-1493,73383091	-0,829465045485
30	-64,14659342	0,25641	0,0720391	-1486,42821513	-0,833541766355
30,5	-63,885781332	0,25641	0,0647131	-1483,13410151	-0,835393103522
31	-63,298419683	0,272283	0,0586081	-1475,60316412	-0,839656643553
31,5	-63,102276166	0,295482	0,0891331	-1473,05370496	-0,841109863018
32	-62,776261056	0,288156	0,0512821	-1468,77800603	-0,843558383166
32,5	-62,319305451	0,301587	0,0781441	-1462,70501112	-0,847060747436
33	-61,993290341	0,324786	0,0769231	-1458,31534106	-0,849610482117
33,5	-61,471131714	0,318681	0,0622711	-1451,18636283	-0,853784208379
34	-61,210319626	0,347985	0,0744811	-1447,58034924	-0,855911038476
34,5	-60,688160999	0,351648	0,0744811	-1440,27086893	-0,860254849786
35	-60,361611438	0,357753	0,0647131	-1435,63880343	-0,863030448217
35,5	-59,905190284	0,388278	0,0561661	-1429,08641781	-0,86698745755
36	-59,578640723	0,407814	0,0781441	-1424,34279403	-0,869874868038
36,5	-59,383031657	0,401709	0,045177	-1421,47911011	-0,871627300876
37	-58,795670008	0,400488	0,040293	-1412,78080185	-0,876993797183
37,5	-58,600060942	0,446886	0,046398	-1409,85100277	-0,878816270345
38	-58,012699293	0,45177	0,047619	-1400,95498597	-0,884396723955
38,5	-57,816555776	0,446886	0,043956	-1397,95141245	-0,886296897706
39	-57,163991105	0,456654	0,014652	-1387,84087201	-0,892753647039
39,5	-56,968382039	0,46398	0,030525	-1384,77506398	-0,894730149486
40	-56,38102039	0,468864	0,039072	-1375,47241147	-0,900781425835
40,5	-56,185411324	0,499389	0,039072	-1372,34221478	-0,902836032192
41	-55,858861763	0,516484	0,034188	-1367,08104602	-0,9063105685
41,5	-55,402440609	0,532357	0,0525031	-1359,65309341	-0,911261854957
42	-55,075891048	0,53602	0,030525	-1354,28574002	-0,914873400335
42,5	-54,553732421	0,550672	0,030525	-1345,61190799	-0,920770686293
43	-54,292920333	0,586081	0,041514	-1341,23753375	-0,923773730474
43,5	-53,770761706	0,611722	0,030525	-1332,39639541	-0,929903446352
44	-53,509949618	0,666667	0,042735	-1327,93886381	-0,933024880709
44,5	-53,118197035	0,671551	0,029304	-1321,19175575	-0,937789684662
45	-52,66124143	0,710623	0,041514	-1313,24364534	-0,943465444811
45,5	-52,465632364	0,705739	0,029304	-1309,81573495	-0,945934582201
46	-51,878270715	0,741148	0,034188	-1299,43105339	-0,953494221001
46,5	-51,682661649	0,741148	0,042735	-1295,94227675	-0,956061101042
47	-51,0953	0,772894	0,029304	-1285,37580476	-0,963920431216
47,5	-50,834487912	0,805861	0,0549451	-1280,64049411	-0,96748463421
48	-50,312329285	0,809524	0,017094	-1271,08052413	-0,974761218095
48,5	-50,050982746	0,833944	0,047619	-1266,25595484	-0,978475161568
49	-49,659764614	0,846154	0,040293	-1258,98469482	-0,984126340133
49,5	-49,268012031	0,854701	0,025641	-1251,64468481	-0,989897544433
50	-48,941996921	0,886447	0,047619	-1245,49173047	-0,994787817285
50,5	-48,485041316	0,901099	0,041514	-1236,79968176	-1,00177904172
51	-48,159026206	0,915751	0,031746	-1230,5502201	-1,00686666806
51,5	-47,636867579	0,952381	0,046398	-1220,45791532	-1,01519272762
52	-47,37552104	0,965812	0,0610501	-1215,36848223	-1,01944391196
52,5	-46,853362413	0,958486	0,025641	-1205,12439847	-1,02810963049
53	-46,592550325	0,998779	0,0647131	-1199,97006337	-1,03252575862
53,5	-46,070391698	1,01465	0,0634921	-1189,57621779	-1,04154738593
54	-45,744376588	1,02076	0,0561661	-1183,03655836	-1,04730491314
54,5	-45,287420983	1,06105	0,0793651	-1173,8058948	-1,05554078872
55	-44,961405873	1,07937	0,105006	-1167,1746053	-1,06153783193
55,5	-44,700059334	1,07692	0,159951	-1161,83140382	-1,06641978856
56	-44,177900707	1,0928	0,208791	-1151,08364341	-1,07637703575
56,5	-43,917088619	1,1221	0,32967	-1145,67940597	-1,08145436982
57	-43,32972697	1,11966	0,43956	-1133,42203783	-1,09314973473
57,5	-43,068914882	1,10012	0,542125	-1127,94101081	-1,09846169979
58	-42,807568343	1,09402	0,650794	-1122,42530836	-1,10385964284
58,5	-42,285944167	1,0989	0,770452	-1111,34675619	-1,1148635591
59	-41,959394606	1,09768	0,937729	-1104,36436962	-1,1219123272
59,5	-41,502439001	1,05495	1,05861	-1094,53342892	-1,1319891812
60	-41,241626913	1,04274	1,23077	-1088,89107082	-1,13785486281
60,5	-40,719468286	1,03053	1,42125	-1077,52710607	-1,14985506446
61	-40,458656198	0,978022	1,60317	-1071,81736641	-1,1559805232
61,5	-39,936497571	0,905983	1,81197	-1060,31956503	-1,16851564459
62	-39,60994801	0,837607	2,01099	-1053,08420756	-1,17654408936
62,5	-39,088323834	0,765568	2,30037	-1041,45571748	-1,18968092373
63	-38,826977295	0,649573	2,57998	-1035,59703922	-1,19641130003
63,5	-38,566165207	0,507937	2,80342	-1029,72886128	-1,20322936123
64	-37,978803558	0,395604	3,0232	-1016,43548902	-1,21896570258
64,5	-37,783194492	0,295482	3,19658	-1011,98461742	-1,22432691038
65	-37,195832843	0,200244	3,32845	-998,549166412	-1,2408001946
65,5	-36,999689326	0,10989	3,35043	-994,03908994	-1,24642985627
66	-36,47806515	0,0647131	3,35287	-981,988447636	-1,26172563739
66,5	-36,216718611	0,0586081	3,30647	-975,920111923	-1,26957113073
67	-35,890703501	0,029304	3,18193	-968,321755967	-1,27953337035
67,5	-35,433747896	0,00854701	3,05617	-957,618889889	-1,29383412658
68	-35,107198335	0,00488401	2,87424	-949,933052208	-1,30430244228
68,5	-34,585574159	0,00732601	2,7033	-937,59193034	-1,32147041789
69	-34,32422762	0,00976801	2,54335	-931,379439401	-1,33028489527
69,5	-33,802068993	0,00732601	2,38339	-918,909255512	-1,34833770861
70	-33,476053883	0,00610501	2,22222	-911,08460137	-1,35991761702
70,5	-33,019098278	0,00610501	2,05006	-900,067667532	-1,37656316819
71	-32,75828619	0,00488401	1,91209	-893,753931597	-1,38628760803
71,5	-32,170924541	0,00610501	1,79731	-879,467472293	-1,40880707818
72	-31,910112453	0,00854701	1,68742	-873,093991353	-1,41909120011
72,5	-31,648765914	0,00732601	1,60195	-866,689303118	-1,42957804549
73	-31,126607287	0,00488401	1,48107	-853,839152576	-1,45109297959
73,5	-30,865795199	0,00732601	1,39194	-847,394030213	-1,46212972457
74	-30,27843355	0,00976801	1,33455	-832,815204026	-1,48772500071
74,5	-30,082824484	0,00732601	1,27839	-827,940514343	-1,49648432289
75	-29,756274923	0,00610501	1,22466	-819,781239204	-1,5113788176
75,5	-29,234116296	0,00854701	1,14652	-806,679188885	-1,5359265704
76	-28,973304208	0,00854701	1,11233	-800,109711045	-1,5485376354
76,5	-28,451145581	0,00488401	1,08425	-786,907608263	-1,57451775404
77	-28,190333493	0,00732601	1,05006	-780,288769827	-1,58787367948
77,5	-27,668174866	0,00854701	1,02686	-766,989079953	-1,61540761451
78	-27,407362778	0,00732601	0,981685	-760,322116928	-1,62957248305
78,5	-26,885204151	0,00610501	0,947497	-746,927323555	-1,65879592422
79	-26,55865459	0,00976801	0,93895	-738,51883677	-1,67768232618
79,5	-26,102233436	0,00732601	0,903541	-726,726085415	-1,7049064632
80	-25,775683875	0,00854701	0,832723	-718,260538985	-1,72500079393
80,5	-25,580074809	0,00610501	0,697192	-713,178332932	-1,73729338482
81	-24,99271316	0,00854701	0,537241	-697,868112715	-1,77540709688
81,5	-24,731901072	0,00854701	0,358974	-691,046153162	-1,79293379224
82	-24,209742445	0,00610501	0,203907	-677,345366056	-1,82919978801
82,5	-23,948395906	0,00732601	0,126984	-670,466764816	-1,84796631991
83	-23,42677173	0,00610501	0,0757021	-656,696131439	-1,88671737305
83,5	-23,165425191	0,00854701	0,0610501	-649,776167204	-1,90681047188
84	-22,643266564	0,015873	0,0805861	-635,91004517	-1,94838878456
84,5	-22,382454476	0,00976801	0,0769231	-628,964229926	-1,96990534763
85	-21,860295849	0,00732601	0,0793651	-615,019345968	-2,01457077428
85,5	-21,534280739	0,00610501	0,0586081	-606,286738521	-2,04358749957
86	-21,2729342	0,00976801	0,0720391	-599,272148264	-2,06750806556
86,5	-20,750775573	0,01221	0,0854701	-585,220116616	-2,11715210196
87	-20,489963485	0,00488401	0,0610501	-578,18301734	-2,14292008385
87,5	-19,967804858	0,00854701	0,0757021	-564,058542232	-2,19658050935
88	-19,641789748	0,01221	0,0818071	-555,215950522	-2,23156413074
88,5	-19,119631121	0,00610501	0,0732601	-541,015975768	-2,2901356993
89	-18,858819033	0,00610501	0,0561661	-533,906354755	-2,32063167813
89,5	-18,662675516	0,00732601	0,0842491	-528,552273587	-2,34413900368
90	-18,075313867	0,01221	0,0805861	-512,482409936	-2,41764395417
90,5	-17,814501779	0,00610501	0,0769231	-505,329379727	-2,45186614851
91	-17,292343152	0,01221	0,0683761	-490,977344091	-2,52353803065
91,5	-17,031531064	0,01221	0,0695971	-483,793326007	-2,56101093875
92	-16,509372437	0,021978	0,0940171	-469,380592786	-2,63964897365
92,5	-16,248560349	0,00854701	0,0818071	-462,166928376	-2,68084954575
93	-15,6611987	0,00732601	0,0769231	-445,886561933	-2,77873366407
93,5	-15,399852161	0,010989	0,0683761	-438,627448373	-2,82472062475
94	-15,073837051	0,014652	0,0744811	-429,559337193	-2,88435122397
94,5	-14,616881446	0,029304	0,0927961	-416,825773924	-2,97246494221
95	-14,356069358	0,021978	0,0866911	-409,546025646	-3,02530099772
95,5	-13,833910731	0,010989	0,0793651	-394,946261134	-3,13713566105
96	-13,50736117	0,017094	0,0757021	-385,79905623	-3,21151640989
96,5	-13,050940016	0,026862	0,0866911	-372,992995796	-3,32177819413
97	-12,724390455	0,032967	0,107448	-363,816241972	-3,40556538456
97,5	-12,202231828	0,02442	0,0818071	-349,118014715	-3,54894318762
98	-11,94141974	0,015873	0,0830281	-341,76548841	-3,62529290411
98,5	-11,549667157	0,028083	0,0769231	-330,70837302	-3,74650326717
99	-11,158449025	0,041514	0,0842491	-319,650913316	-3,87610342528
99,5	-10,897102486	0,047619	0,114774	-312,255832801	-3,96790025949
100	-10,309740837	0,039072	0,0903541	-295,612330712	-4,19130012951
100,5	-10,114131771	0,032967	0,0891331	-290,062562653	-4,27149229004
101	-9,526770122	0,047619	0,0915751	-273,378037528	-4,53218558157
101,5	-9,265958034	0,0500611	0,0927961	-265,960125301	-4,6585930827
102	-9,004611495	0,0610501	0,120879	-258,521484646	-4,79263842113
102,5	-8,482987319	0,0659341	0,108669	-243,658699544	-5,08498158415
103	-8,156437758	0,0573871	0,103785	-234,343873677	-5,28710215701
103,5	-7,699482153	0,0695971	0,102564	-221,296504323	-5,59882318878
104	-7,373467043	0,0818071	0,112332	-211,979202754	-5,84491300987
104,5	-7,112654955	0,0805861	0,135531	-204,520405558	-6,05807521562
105	-6,590496328	0,0793651	0,108669	-189,574946684	-6,53567373575
105,5	-6,329149789	0,0891331	0,118437	-182,088578575	-6,80438064646
106	-5,74178814	0,107448	0,135531	-165,249798565	-7,49773985056
106,5	-5,480976052	0,112332	0,140415	-157,767033187	-7,85335171088
107	-4,958817425	0,114774	0,139194	-142,776500599	-8,67789863741
107,5	-4,763208359	0,126984	0,13431	-137,157684635	-9,03339833489
108	-4,17584671	0,151404	0,17094	-120,276540446	-10,3012607064
108,5	-3,915034622	0,166056	0,177045	-112,776478692	-10,9863334479
Vernier Format 2
Bandlücke-Si_try.txt 20.10.2014 17:56:15 ,
Latest 2
Time	Winkel	Pyro	Sample	Wellenlänge	Energie
t	Pot	Pot	Pot	Lambda	E
s	°	V	V	nm	eV

 	 	 	 	 	 
