Vernier Format 2
lampe_vor_neueinstellung.cmbl 21.10.2014 10:57:05 ,
Latest
Time	Winkel	Pyro	Sample	Wellenlänge	Energie
t	Pot	Pot	Pot	Lambda	E
s	°	V	V	nm	eV

0	85,4213895085	0,00610501	0,041514	1646,47599876	0,75251628383
0,5	84,8993377717	0,00610501	0,042735	1645,20628298	0,753097051002
1	84,5730554362	0,00610501	0,042735	1644,34334449	0,753492270426
1,5	84,0510036994	0,00610501	0,040293	1642,85173861	0,754176393938
2	83,789977831	0,00610501	0,039072	1642,05478187	0,754542426771
2,5	83,2679260942	0,00610501	0,039072	1640,35864347	0,755322627115
3	83,0069002258	0,00610501	0,040293	1639,45949703	0,755736876845
3,5	82,4847950439	0,00610501	0,041514	1637,55894144	0,756613987224
4	81,9627433071	0,00610501	0,039072	1635,52262452	0,757556013854
4,5	81,7017174387	0,00610501	0,030525	1634,4535376	0,758051527006
5	81,1796657019	0,00610501	0,030525	1632,2136178	0,759091816468
5,5	80,592357498	0,00610501	0,031746	1629,53174671	0,760341124067
6	80,3313316296	0,00610501	0,031746	1628,28482819	0,760923383029
6,5	79,8092798928	0,00610501	0,028083	1625,68963295	0,762138095052
7	79,5482540244	0,00610501	0,023199	1624,3414101	0,762770678811
7,5	79,0262022876	0,00610501	0,02442	1621,54385384	0,764086643147
8	78,5041505508	0,00610501	0,026862	1618,61167823	0,765470814687
8,5	78,2431246824	0,00610501	0,028083	1617,0951838	0,766188664965
9	77,6558164785	0,00610501	0,02442	1613,56040685	0,76786713081
9,5	77,3947906101	0,00610501	0,023199	1611,93495239	0,768641438143
10	76,8727388733	0,00610501	0,02442	1608,58371115	0,770242786503
10,5	76,4159436036	0,00610501	0,026862	1605,54181795	0,771702104641
11	76,0896612681	0,00610501	0,030525	1603,30654536	0,772777984091
11,5	75,5676095313	0,00610501	0,028083	1599,62199147	0,774557993454
12	75,3065836629	0,00610501	0,021978	1597,7298952	0,775475256314
12,5	74,7845319261	0,00732601	0,023199	1593,84626034	0,777364812926
13	74,1972237222	0,00732601	0,025641	1589,31902394	0,779579166508
13,5	73,9361978538	0,00610501	0,02442	1587,25328778	0,780593752452
14	73,414146117	0,00732601	0,020757	1583,02302907	0,782679706643
14,5	72,8920943802	0,00732601	0,019536	1578,66134896	0,78484217075
15	72,6310685118	0,00732601	0,020757	1576,43133862	0,785952403789
15,5	72,109016775	0,00732601	0,026862	1571,87320878	0,788231514525
16	71,8479909066	0,00732601	0,028083	1569,54518389	0,789400657414
16,5	71,3259391698	0,00854701	0,02442	1564,79145573	0,791798801984
17	71,0649133014	0,010989	0,028083	1562,36585113	0,793028085646
17,5	70,4776050975	0,01221	0,032967	1556,78975815	0,795868545197
18	69,9555533607	0,018315	0,030525	1551,69589147	0,798481201639
18,5	69,6945274923	0,021978	0,026862	1549,10062354	0,799818927944
19	69,1724757555	0,025641	0,030525	1543,81368784	0,802557983364
19,5	68,9114498871	0,031746	0,030525	1541,12212979	0,803959644762
20	68,3893981503	0,031746	0,030525	1535,64311262	0,806828090343
20,5	67,8673464135	0,039072	0,029304	1530,0366075	0,809784546284
21	67,6063205451	0,045177	0,026862	1527,185692	0,811296233648
21,5	67,0190123412	0,0537241	0,031746	1520,65533258	0,814780294691
22	66,4969606044	0,0561661	0,035409	1514,71641328	0,817974895588
22,5	66,235934736	0,0598291	0,03663	1511,69976593	0,819607191803
23	65,7138829992	0,0659341	0,035409	1505,57240885	0,822942817441
23,5	65,4528571308	0,0744811	0,035409	1502,4618263	0,824646575581
24	64,930805394	0,0830281	0,03663	1496,14717598	0,828127085283
24,5	64,4740101243	0,0866911	0,041514	1490,51994857	0,831253550944
25	64,1477277888	0,0903541	0,045177	1486,44247523	0,833533769819
25,5	63,5604195849	0,0952381	0,041514	1478,98163741	0,837738595707
26	63,3646501836	0,105006	0,037851	1476,46011936	0,839169296719
26,5	62,7773419797	0,111111	0,037851	1468,79226103	0,843550196219
27	62,3858031771	0,114774	0,039072	1463,59456756	0,846545913374
27,5	61,9942643745	0,1221	0,039072	1458,32852645	0,849602800418
28	61,4722126377	0,123321	0,03663	1451,20124527	0,853775452604
28,5	61,2111867693	0,133089	0,030525	1447,59238819	0,855903920265
29	60,6891350325	0,141636	0,02442	1440,28461557	0,860246639178
29,5	60,1018268286	0,148962	0,021978	1431,92047683	0,865271514757
30	59,9060574273	0,151404	0,023199	1429,09895265	0,866979853079
30,5	59,3187492234	0,152625	0,021978	1420,53440743	0,872206962058
31	59,057723355	0,15873	0,019536	1416,67997915	0,874580016822
31,5	58,5356716182	0,163614	0,015873	1408,88299398	0,879420083354
32	58,0136198814	0,168498	0,017094	1400,96904439	0,884387849227
32,5	57,6873375459	0,174603	0,017094	1395,96372143	0,887558882066
33	57,1652858091	0,178266	0,019536	1387,86111024	0,892740628623
33,5	56,8390034736	0,181929	0,021978	1382,73842541	0,896047999561
34	56,3822082039	0,194139	0,018315	1375,4913703	0,900769010081
34,5	55,8601564671	0,199023	0,014652	1367,1019933	0,906296681647
35	55,599290934	0,210012	0,013431	1362,86731143	0,909112713767
35,5	55,011929285	0,21978	0,014652	1353,22927065	0,915587644218
36	54,750582746	0,235653	0,018315	1348,89504813	0,918529578498
36,5	54,22895857	0,246642	0,013431	1340,16051168	0,924516122659
37	53,706799943	0,261294	0,013431	1331,30577843	0,93066523114
37,5	53,445453404	0,266178	0,018315	1326,83231379	0,93380300368
38	52,923829228	0,272283	0,021978	1317,82123788	0,940188217027
38,5	52,336467579	0,28083	0,018315	1307,54384232	0,947578169006
39	52,140324062	0,291819	0,017094	1304,08115054	0,950094247962
39,5	51,552962413	0,300366	0,020757	1293,62070134	0,957776880591
40	51,161744281	0,304029	0,021978	1286,57791567	0,963019794532
40,5	50,769991698	0,315018	0,019536	1279,46540304	0,968373194817
41	50,247833071	0,322344	0,014652	1269,89235039	0,975673252636
41,5	49,987020983	0,332112	0,014652	1265,07117645	0,979391533899
42	49,464862356	0,336996	0,018315	1255,34027522	0,986983389646
42,5	48,942703729	0,344322	0,021978	1245,5051139	0,994777127907
43	48,681891641	0,35409	0,021978	1240,55377692	0,998747513448
43,5	48,094529992	0,363858	0,020757	1229,30914978	1,00788316773
44	47,833717904	0,373626	0,02442	1224,27459591	1,01202786053
44,5	47,311559277	0,383394	0,030525	1214,11904233	1,02049301329
45	46,78940065	0,387057	0,039072	1203,86265222	1,02918717323
45,5	46,528588562	0,395604	0,0500611	1198,70220943	1,03361784958
46	45,941226913	0,404151	0,0708181	1186,98984791	1,04381684661
46,5	45,419068286	0,411477	0,114774	1176,47289888	1,05314793157
47	45,158256198	0,417582	0,174603	1171,18316052	1,05790455478
47,5	44,636097571	0,420024	0,239316	1160,52002628	1,06762483364
48	44,374751032	0,416361	0,304029	1155,1467527	1,0725909908
48,5	43,853126856	0,418803	0,373626	1144,35043735	1,08271029535
49	43,330968229	0,41514	0,450549	1133,44806712	1,09312463089
49,5	43,06962169	0,410256	0,542125	1127,95589618	1,09844720365
50	42,547997514	0,400488	0,6337	1116,92396626	1,1092966374
50,5	42,286650975	0,391941	0,73138	1111,36183031	1,11484843748
51	41,764492348	0,379731	0,840049	1100,17979807	1,12617955918
51,5	41,438477238	0,358974	0,964591	1093,15178705	1,13341990991
52	40,916318611	0,32967	1,10379	1081,82180562	1,14529028124
52,5	40,394159984	0,296703	1,25275	1070,40197536	1,15750907465
53	40,133347896	0,250305	1,41514	1064,66455286	1,16374683149
53,5	39,545986247	0,190476	1,57265	1051,66299333	1,17813406753
54	39,089030642	0,128205	1,69109	1041,47153287	1,18966285769
54,5	38,763015532	0,0769231	1,76435	1034,15990392	1,19807391034
55	38,240856905	0,037851	1,8022	1022,3796519	1,21187857925
55,5	37,718698278	0,00732601	1,79731	1010,51448794	1,22610810116
56	37,45788619	0,00610501	1,75458	1004,55648685	1,2333801197
56,5	36,935727563	0,00732601	1,68254	992,565847278	1,24827990344
57	36,478771958	0,00610501	1,59463	982,004831718	1,26170458635
57,5	36,152756848	0,00610501	1,50427	974,431854164	1,27151015713
58	35,565395199	0,00732601	1,40781	960,708624311	1,28967302744
58,5	35,304583111	0,00610501	1,31746	954,582506061	1,29794961895
59	34,782424484	0,00732601	1,22833	942,258402961	1,31492592277
59,5	34,521077945	0,00610501	1,13187	936,060593377	1,32363226138
60	33,999453769	0,00732601	1,05495	923,632223604	1,34144302065
60,5	33,41209212	0,00610501	0,982906	909,545992567	1,36221808476
61	33,150745581	0,00610501	0,909646	903,247509256	1,37171704024
61,5	32,628586954	0,00610501	0,846154	890,60727119	1,39118558772
62	32,106962778	0,00610501	0,794872	877,906116268	1,41131264157
62,5	31,845616239	0,00610501	0,750916	871,515098244	1,4216621175
63	31,323457612	0,00610501	0,708181	858,691959187	1,44289228139
63,5	30,801833436	0,00610501	0,67033	845,810737076	1,46486671981
64	30,540486897	0,00610501	0,639805	839,33050033	1,47617654727
64,5	29,953125248	0,00610501	0,614164	824,703011214	1,50235901064
65	29,757516182	0,00610501	0,58486	819,812304297	1,51132154702
65,5	29,170154533	0,00610501	0,554335	805,069626682	1,53899732264
66	28,713198928	0,00610501	0,532357	793,54152486	1,56135496529
66,5	28,387183818	0,00610501	0,509158	785,285902873	1,57776931366
67	27,865025191	0,00610501	0,478632	772,01051482	1,60490042067
67,5	27,539010081	0,00610501	0,43956	763,689305718	1,62238752163
68	27,082054476	0,00610501	0,377289	751,984416562	1,64764052647
68,5	26,494692827	0,00732601	0,283272	736,869035423	1,68143854666
69	26,233880739	0,00610501	0,181929	730,132279382	1,69695277827
69,5	25,64651909	0,00610501	0,0964591	714,905586519	1,73309598269
70	25,189563485	0,00610501	0,0537241	703,007481266	1,76242790158
70,5	24,928751397	0,00732601	0,030525	696,196422828	1,77967016114
71	24,40659277	0,00610501	0,030525	682,517139365	1,81533902746
71,5	24,080043209	0,00610501	0,023199	673,933454438	1,83846044716
72	23,558419033	0,00610501	0,023199	660,176738427	1,87677015545
72,5	23,036260406	0,00610501	0,028083	646,351126046	1,91691473887
73	22,774913867	0,00610501	0,029304	639,411014279	1,93772076541
73,5	22,187552218	0,00732601	0,025641	623,765175293	1,98632441995
74	21,991943152	0,00610501	0,030525	618,540009313	2,00310405365
74,5	21,404581503	0,00610501	0,032967	602,807154251	2,05538370151
75	20,882422876	0,00610501	0,028083	588,76756119	2,10439582897
75,5	20,621610788	0,00610501	0,026862	581,736564571	2,12983002179
76	20,099452161	0,00610501	0,030525	567,624085881	2,18278263875
76,5	19,577293534	0,00610501	0,028083	553,464464164	2,23862610921
77	19,251278424	0,00610501	0,021978	544,600374304	2,2750627037
77,5	18,729119797	0,00610501	0,026862	530,366683619	2,33611959097
78	18,468307709	0,00610501	0,031746	523,240552942	2,36793572867
78,5	17,946149082	0,00610501	0,029304	508,941255632	2,43446564076
79	17,423990455	0,00610501	0,028083	494,599689094	2,50505616425
79,5	17,163178367	0,00610501	0,029304	487,420787591	2,54195149559
80	16,64101974	0,00610501	0,034188	473,018072034	2,61935023893
80,5	16,118861113	0,00610501	0,032967	458,576070787	2,70184180756
81	15,792846003	0,00610501	0,032967	449,539669194	2,75615276005
81,5	15,270687376	0,00610501	0,028083	435,036411823	2,84803746612
82	15,009340837	0,00610501	0,029304	427,763717676	2,89645883651
82,5	14,487716661	0,00610501	0,032967	413,221615759	2,99839106365
83	13,965558034	0,00610501	0,032967	398,630312724	3,10814295966
83,5	13,639008473	0,00610501	0,031746	389,488244027	3,18109729627
84	13,182587319	0,00610501	0,028083	376,689161676	3,28918409674
84,5	12,59522567	0,00610501	0,029304	360,18315194	3,43991659056
85	12,333879131	0,00610501	0,030525	352,826532336	3,51164066885
85,5	11,812254955	0,00610501	0,032967	338,121585948	3,66436232258
86	11,550908416	0,00610501	0,040293	330,743431923	3,7461061367
86,5	11,028749789	0,00610501	0,040293	315,981756076	3,92111245721
87	10,507125613	0,00610501	0,040293	301,208985963	4,11342309738
87,5	10,180576052	0,00610501	0,037851	291,948084404	4,24390522216
88	9,658417425	0,00610501	0,037851	277,120155393	4,47098479084
88,5	9,136258798	0,00610501	0,041514	262,269210653	4,72415346397
89	8,87544671	0,00732601	0,042735	254,843104206	4,86181489533
89,5	8,353288083	0,00732601	0,043956	239,959959616	5,16336142906
90	7,896866929	0,00610501	0,047619	226,934171049	5,45973307709
90,5	7,505114346	0,00610501	0,04884	215,742440899	5,7429590341
91	6,982955719	0,00610501	0,047619	200,809633136	6,17002272577
91,5	6,722143631	0,00610501	0,046398	193,344548209	6,40824896011
92	6,199985004	0,00732601	0,046398	178,387197024	6,94556571699
92,5	5,939172916	0,00610501	0,04884	170,910550219	7,24940618594
93	5,417014289	0,00732601	0,0512821	155,93144876	7,94579932306
93,5	4,82965264	0,00732601	0,0549451	139,066460675	8,90940917016
94	4,568306101	0,00732601	0,0573871	131,557581464	9,41792929158
94,5	4,046681925	0,00732601	0,0634921	116,562505746	10,6294900926
95	3,524523298	0,00732601	0,0695971	101,542390705	12,2018005623
95,5	3,197973737	0,00854701	0,0793651	92,1446882204	13,446244422
96	2,741552583	0,014652	0,0952381	79,0044903734	15,6826528992
96,5	2,154190934	0,023199	0,106227	62,0873038357	19,9557707205
97	1,892844395	0,045177	0,181929	54,5577992043	22,7098603329
97,5	1,370685768	0,185592	1,21978	39,5109442178	31,3584001732
98	1,10987368	3,71551	5	31,9939102854	38,7261197193
98,5	0,587715053	4,99634	4,99878	16,9426027931	73,1292597206
99	0,131293899	4,99756	4,99878	3,78499313732	327,345375552
99,5	-0,195255662	4,99756	4,81685	-5,62890250527	-220,113956289
100	-0,717414289	4,99756	2,29548	-20,6813843127	-59,9089490948
100,5	-1,043429399	2,33211	0,39072	-30,0787645301	-41,1918514392
101	-1,565588026	0,15873	0,124542	-45,1278223578	-27,4553465083
101,5	-1,826400114	0,047619	0,0964591	-52,6433240967	-23,5357478134
102	-2,348558741	0,029304	0,0757021	-67,686293854	-18,3050353248
102,5	-2,870717368	0,02442	0,0659341	-82,7236420444	-14,9775804036
103	-3,327672973	0,015873	0,0634921	-95,8776511295	-12,9227195848
103,5	-3,653688083	0,00976801	0,0647131	-105,258704044	-11,7709980496
104	-4,17584671	0,00732601	0,0622711	-120,276540446	-10,3012607064
104,5	-4,502396271	0,00732601	0,0561661	-129,663454556	-9,55550663249
105	-5,024020447	0,00732601	0,0500611	-144,649072679	-8,56555785016
105,5	-5,611382096	0,00732601	0,047619	-161,508834204	-7,67140699213
106	-5,807525613	0,00732601	0,046398	-167,135289253	-7,41315616549
106,5	-6,329149789	0,00732601	0,047619	-182,088578575	-6,80438064646
107	-6,65569935	0,00732601	0,0500611	-191,442102614	-6,47193058937
107,5	-7,177857977	0,00732601	0,047619	-206,385508195	-6,00332848385
108	-7,699482153	0,00732601	0,043956	-221,296504323	-5,59882318878
108,5	-8,026031714	0,00610501	0,043956	-230,621897572	-5,37242999493
109	-8,548190341	0,00610501	0,041514	-245,517677389	-5,0464798021
109,5	-9,070348968	0,00610501	0,040293	-260,393066164	-4,7581912155
110	-9,331161056	0,00732601	0,042735	-267,815126015	-4,62632569877
110,5	-9,853319683	0,00610501	0,046398	-282,657624016	-4,38339494401
111	-10,114131771	0,00610501	0,042735	-290,062562653	-4,27149229004
111,5	-10,70149342	0,00610501	0,037851	-306,716605053	-4,03955957906
112	-11,158449025	0,00610501	0,035409	-319,650913316	-3,87610342528
112,5	-11,484464135	0,00610501	0,032967	-328,86651987	-3,76748597117
113	-12,006622762	0,00732601	0,031746	-343,604289849	-3,60589211661
113,5	-12,26743485	0,00610501	0,031746	-350,955021919	-3,5303669206
114	-12,789593477	0,00610501	0,031746	-365,649542676	-3,38849049538
114,5	-13,311752104	0,00610501	0,035409	-380,31369505	-3,25783692811
115	-13,572564192	0,00610501	0,034188	-387,626513846	-3,1963757786
115,5	-14,159925841	0,00610501	0,035409	-404,065697891	-3,06633304056
116	-14,551678424	0,00610501	0,037851	-415,006640686	-2,98549439583
116,5	-14,943431007	0,00610501	0,035409	-425,928182137	-2,90894111252
117	-15,465055183	0,00732601	0,032967	-440,439375852	-2,81309998136
117,5	-16,052416832	0,00732601	0,032967	-456,735580673	-2,71272931742
118	-16,248560349	0,00610501	0,031746	-462,166928376	-2,68084954575
118,5	-16,835387547	0,00610501	0,032967	-478,383978605	-2,58996968003
119	-17,096734086	0,00610501	0,031746	-485,590276157	-2,55153379471
119,5	-17,618892713	0,00732601	0,031746	-499,957727428	-2,47820952058
120	-18,140516889	0,00610501	0,034188	-514,269014037	-2,40924490137
120,5	-18,401863428	0,00610501	0,035409	-521,423366776	-2,37618810154
121	-18,924022055	0,00610501	0,039072	-535,684802927	-2,31292729088
121,5	-19,511383704	0,00610501	0,037851	-551,673864531	-2,2458921469
122	-19,70699277	0,00610501	0,03663	-556,985916107	-2,22447276344
122,5	-20,294354419	0,00610501	0,03663	-572,8973227	-2,16269120296
123	-20,489963485	0,00610501	0,034188	-578,18301734	-2,14292008385
123,5	-21,077325134	0,00610501	0,032967	-594,013797614	-2,08581013602
124	-21,599483761	0,00610501	0,030525	-608,03483942	-2,03771218304
124,5	-21,925498871	0,00610501	0,031746	-616,763487037	-2,00887378394
125	-22,382454476	0,00610501	0,034188	-628,964229926	-1,96990534763
125,5	-22,969816125	0,00732601	0,034188	-644,587953482	-1,92215816834
126	-23,165425191	0,00610501	0,032967	-649,776167204	-1,90681047188
126,5	-23,75278684	0,00732601	0,032967	-665,309228266	-1,86229191985
127	-24,013598928	0,00610501	0,031746	-672,184210044	-1,84324472591
127,5	-24,535757555	0,00610501	0,040293	-685,906262729	-1,80636927715
128	-24,99271316	0,00610501	0,0708181	-697,868112715	-1,77540709688
128,5	-25,31872827	0,00610501	0,135531	-706,375210567	-1,75402531327
129	-25,840886897	0,00610501	0,214896	-719,952750212	-1,72094626993
129,5	-26,23263948	0,00610501	0,28083	-730,100181475	-1,6970273826
130	-26,623857612	0,00610501	0,316239	-740,199707265	-1,67387258849
130,5	-27,211219261	0,00610501	0,335775	-755,297845979	-1,64041246324
131	-27,4725658	0,00610501	0,347985	-761,990340079	-1,62600486493
131,5	-27,994724427	0,00610501	0,362637	-775,314023031	-1,598062157
132	-28,516348603	0,00610501	0,377289	-788,559775493	-1,57121887079
132,5	-28,842898164	0,00610501	0,394383	-796,81874647	-1,5549332963
133	-29,299853769	0,00610501	0,410256	-808,332388271	-1,53278529721
133,5	-29,886680967	0,00610501	0,428571	-823,042816212	-1,50538948351
134	-30,082824484	0,00610501	0,448107	-827,940514343	-1,49648432289
134,5	-30,670186133	0,00610501	0,473748	-842,548658162	-1,47053821521
135	-30,930998221	0,00610501	0,501832	-849,006962165	-1,45935199028
135,5	-31,51835987	0,00732601	0,534799	-863,486755743	-1,43488014351
136	-31,975315475	0,00610501	0,577534	-874,689062815	-1,41650336408
136,5	-32,301330585	0,00610501	0,623932	-882,647387231	-1,40373156702
137	-32,75828619	0,00732601	0,680098	-893,753931597	-1,38628760803
137,5	-33,345647839	0,00610501	0,736264	-907,946466146	-1,36461790006
138	-33,541256905	0,00610501	0,797314	-912,651900132	-1,35758222803
138,5	-34,128618554	0,00610501	0,864469	-926,716912614	-1,33697786577
139	-34,650777181	0,00610501	0,932845	-939,138841419	-1,31929374588
139,5	-34,911589269	0,00610501	1,00855	-945,314303304	-1,31067518567
140	-35,433747896	0,00610501	1,09035	-957,618889889	-1,29383412658
140,5	-35,955906523	0,00610501	1,17949	-969,843943109	-1,2775251202
141	-36,216718611	0,00610501	1,25763	-975,920111923	-1,26957113073
141,5	-36,738877238	0,00610501	1,32357	-988,02400518	-1,25401811444
142	-37,261035865	0,00610501	1,36996	-1000,04583983	-1,23894320705
142,5	-37,587050975	0,00732601	1,38584	-1007,50974141	-1,22976478447
143	-38,109209602	0,010989	1,37363	-1019,39615822	-1,21542541632
143,5	-38,435759163	0,041514	1,32723	-1026,78676334	-1,20667702802
144	-38,892180317	0,0818071	1,24298	-1037,06073555	-1,19472269804
144,5	-39,414338944	0,126984	1,13065	-1048,73370066	-1,18142479756
145	-39,675151032	0,172161	1,00977	-1054,53165141	-1,17492917196
145,5	-40,262512681	0,217338	0,892552	-1067,5087233	-1,16064625325
146	-40,719468286	0,251526	0,783883	-1077,52710607	-1,14985506446
146,5	-41,046017847	0,28083	0,683761	-1084,64448897	-1,14230977302
147	-41,567642023	0,299145	0,594628	-1095,94047929	-1,13053584881
147,5	-41,894191584	0,313797	0,518926	-1102,96587409	-1,12333484571
148	-42,351147189	0,322344	0,448107	-1112,7366315	-1,11347102713
148,5	-42,937974387	0,32967	0,37851	-1125,18044611	-1,1011567116
149	-43,134117904	0,335775	0,312576	-1129,31346313	-1,09712674155
149,5	-43,721479553	0,343101	0,249084	-1141,61064266	-1,08530873285
150	-44,243103729	0,344322	0,194139	-1152,43098034	-1,07511861547
150,5	-44,504450268	0,346764	0,140415	-1157,81637446	-1,07011787649
151	-45,026608895	0,345543	0,0940171	-1168,50389321	-1,06033022843
151,5	-45,613970544	0,340659	0,0610501	-1180,40995799	-1,04963533356
152	-45,80957961	0,335775	0,041514	-1184,34756124	-1,04614560839
152,5	-46,396941259	0,330891	0,034188	-1196,08798886	-1,03587696854
153	-46,853362413	0,323565	0,029304	-1205,12439847	-1,02810963049
153,5	-47,179911974	0,318681	0,02442	-1211,5426614	-1,02266312155
154	-47,702070601	0,316239	0,023199	-1221,72371786	-1,01414090754
154,5	-48,028085711	0,307692	0,023199	-1228,02896475	-1,00893385707
155	-48,485041316	0,300366	0,025641	-1236,79968176	-1,00177904172
155,5	-49,007199943	0,290598	0,025641	-1246,7255537	-0,993803324496
156	-49,268012031	0,288156	0,023199	-1251,64468481	-0,989897544433
156,5	-49,85537368	0,282051	0,021978	-1262,62768313	-0,981286896011
157	-50,377532307	0,274725	0,018315	-1272,28008175	-0,97384217341
157,5	-50,638344395	0,26862	0,017094	-1277,06181993	-0,970195789008
158	-51,160503022	0,263736	0,014652	-1286,55547465	-0,963036592212
158,5	-51,747864671	0,255189	0,015873	-1297,10688263	-0,955202702713
159	-51,943473737	0,250305	0,017094	-1300,59061526	-0,952644118342
159,5	-52,530835386	0,241758	0,018315	-1310,96007001	-0,945108877333
160	-52,857384947	0,23199	0,017094	-1316,66555223	-0,941013454709
160,5	-53,313806101	0,225885	0,014652	-1324,56844777	-0,935398998883
161	-53,835964728	0,224664	0,014652	-1333,50646808	-0,929129351571
161,5	-54,097311267	0,216117	0,014652	-1337,93850978	-0,926051526987
162	-54,618935443	0,202686	0,018315	-1346,70114846	-0,920025947419
162,5	-55,14109407	0,189255	0,018315	-1355,36097433	-0,914147613417
163	-55,402440609	0,175824	0,023199	-1359,65309341	-0,911261854957
163,5	-55,989802258	0,166056	0,019536	-1369,1960227	-0,904910604075
164	-56,250614346	0,167277	0,015873	-1373,38739275	-0,902148954144
164,5	-56,772772973	0,159951	0,015873	-1381,69311565	-0,896725898078
165	-57,229194127	0,152625	0,018315	-1388,85921511	-0,892099059803
165,5	-57,555743688	0,14652	0,019536	-1393,93219024	-0,888852419561
166	-58,077902315	0,144078	0,020757	-1401,94981475	-0,883769152763
166,5	-58,665263964	0,137973	0,018315	-1410,82943	-0,878206800664
167	-58,86087303	0,136752	0,017094	-1413,75374395	-0,876390252052
167,5	-59,448234679	0,135531	0,015873	-1422,43551397	-0,871041244281
168	-59,905190284	0,130647	0,017094	-1429,08641781	-0,86698745755
168,5	-60,231205394	0,123321	0,021978	-1433,77597133	-0,864151739727
169	-60,753364021	0,118437	0,026862	-1441,19016724	-0,85970611524
169,5	-61,014176109	0,112332	0,028083	-1444,84868433	-0,857529244022
170	-61,471131714	0,106227	0,026862	-1451,18636283	-0,853784208379
170,5	-62,058493363	0,101343	0,026862	-1459,19705685	-0,849097107333
171	-62,319305451	0,0952381	0,026862	-1462,70501112	-0,847060747436
171,5	-62,9066671	0,0915751	0,026862	-1470,49399985	-0,842573992229
172	-63,102276166	0,0854701	0,029304	-1473,05370496	-0,841109863018
172,5	-63,689637815	0,0781441	0,031746	-1480,63651571	-0,836802271762
173	-64,211796442	0,0732601	0,032967	-1487,24693366	-0,833082907727
173,5	-64,473142981	0,0659341	0,028083	-1490,50917608	-0,831259558733
174	-64,929564135	0,0671551	0,026862	-1496,1320137	-0,828135477791
174,5	-65,516925784	0,0610501	0,025641	-1503,22820719	-0,824226151475
175	-65,778272323	0,0561661	0,026862	-1506,3349186	-0,822526242138
175,5	-66,365099521	0,047619	0,028083	-1513,19643459	-0,818796536708
176	-66,822055126	0,041514	0,02442	-1518,42952853	-0,815974647961
176,5	-67,148604687	0,040293	0,019536	-1522,11004979	-0,81400158955
177	-67,605025841	0,035409	0,017094	-1527,17147224	-0,811303787769
177,5	-67,931575402	0,029304	0,018315	-1530,73324821	-0,809416011213
178	-68,388531007	0,028083	0,02442	-1535,63390562	-0,806832927733
178,5	-68,975358205	0,018315	0,021978	-1541,78407702	-0,803614473953
179	-69,236704744	0,018315	0,019536	-1544,47107251	-0,80221638466
179,5	-69,824066393	0,013431	0,020757	-1550,39259519	-0,799152423613
180	-70,280487547	0,010989	0,023199	-1554,88156815	-0,796845255214
180,5	-70,607037108	0,00854701	0,025641	-1558,03270011	-0,795233630148
181	-71,063992713	0,00854701	0,025641	-1562,35723907	-0,793032456992
181,5	-71,651354362	0,00732601	0,023199	-1567,76991542	-0,790294537366
182	-71,91216645	0,00732601	0,020757	-1570,12057147	-0,789111373047
182,5	-72,434325077	0,00732601	0,019536	-1574,72888242	-0,786802105321
183	-72,956483704	0,00732601	0,018315	-1579,20640702	-0,784571284977
183,5	-73,282498814	0,00732601	0,020757	-1581,9355093	-0,783217768814
184	-73,739454419	0,00732601	0,018315	-1585,67450195	-0,781370955059
184,5	-74,000266507	0,00732601	0,014652	-1587,76337384	-0,780342978313
185	-74,522425134	0,00732601	0,014652	-1591,84648689	-0,778341385433
185,5	-75,109786783	0,00732601	0,017094	-1596,28144779	-0,776178913632
186	-75,370598871	0,00732601	0,020757	-1598,19699231	-0,775248612007
186,5	-75,892757498	0,00610501	0,020757	-1601,93244933	-0,773440852964
187	-76,219307059	0,00732601	0,018315	-1604,20094324	-0,772347133455
187,5	-76,740931235	0,00732601	0,019536	-1607,71646349	-0,770658277213
188	-77,19788684	0,00732601	0,021978	-1610,68665849	-0,769237140859
188,5	-77,524436401	0,00610501	0,025641	-1612,74646365	-0,76825466862
189	-78,046060577	0,00732601	0,026862	-1615,92805533	-0,766742056313
189,5	-78,568219204	0,00732601	0,02442	-1618,97876736	-0,765297250947
190	-78,829565743	0,00610501	0,021978	-1620,45520816	-0,764599967811
Vernier Format 2
lampe_vor_neueinstellung.cmbl 21.10.2014 10:57:06 ,
Latest 2
Time	Winkel	Pyro	Sample	Wellenlänge	Energie
t	Pot	Pot	Pot	Lambda	E
s	°	V	V	nm	eV

 	 	 	 	 	 
