Spannung/volt   Period /s Counts per second
1000.000	30.000	0.000
1000.000	30.000	0.000
1000.000	30.000	0.000
1000.000	30.000	0.000
1100.000	30.000	0.000
1100.000	30.000	0.000
1100.000	30.000	0.000
1100.000	30.000	0.000
1200.000	30.000	0.000
1200.000	30.000	0.033
1200.000	30.000	0.000
1200.000	30.000	0.000
1300.000	30.000	0.000
1300.000	30.000	0.000
1300.000	30.000	0.000
1300.000	30.000	0.000
1400.000	30.000	0.000
1400.000	30.000	0.000
1400.000	30.000	0.000
1400.000	30.000	0.000
1500.000	30.000	0.000
1500.000	30.000	0.000
1500.000	30.000	0.000
1500.000	30.000	0.000
1600.000	30.000	0.000
1600.000	30.000	0.000
1600.000	30.000	0.067
1600.000	30.000	0.000
1700.000	30.000	0.000
1700.000	30.000	0.067
1700.000	30.000	0.000
1700.000	30.000	0.000
1800.000	30.000	0.033
1800.000	30.000	0.000
1800.000	30.000	0.033
1800.000	30.000	0.000
1900.000	30.000	0.033
1900.000	30.000	0.033
1900.000	30.000	0.000
1900.000	30.000	0.000
2000.000	30.000	0.000
2000.000	30.000	0.000
2000.000	30.000	0.000
2000.000	30.000	0.033
2100.000	30.000	0.000
2100.000	30.000	0.000
2100.000	30.000	0.000
2100.000	30.000	0.000
2200.000	30.000	0.067
2200.000	30.000	0.000
2200.000	30.000	0.000
2200.000	30.000	0.067
2300.000	30.000	0.000
2300.000	30.000	0.000
2300.000	30.000	0.100
2300.000	30.000	0.000
2400.000	30.000	0.033
2400.000	30.000	0.000
2400.000	30.000	0.033
2400.000	30.000	0.033
0.067
0.067
0.133
0.033
0.033
0.133
0.100
0.033
0.167
0.167
0.267
0.100
0.300
0.267
0.300
0.333
0.400
0.533
0.467
0.500
0.367
0.267
0.500
0.433
0.733
0.733
0.600
0.400
0.867
0.700
0.733
0.700
0.700
0.800
0.567
0.767
1.033
0.767
0.933
0.967
0.700
0.500
0.833
0.833
0.833
0.700
0.567
0.700
0.667
0.767
0.833
0.900
0.967
1.267
0.767
0.867
1.400
1.033
0.767
1.167
1.233
0.833
0.933
1.033
